n = 38
     0  67346      0  12606  14410      0    662      0   3286  16268      0   2605      0   2745   2994      0      0      0     60      0      0   2166      0      0      0     13    223      0      0      0      0      0      0      0      0      0     10 109379 
 67346      0  59372   1130      0  35053  65851      0  53663  24590     33   6566   5265  27515    226  14919    830   6523  14200    386      0   1697   1165      0    486   1939      0    877    926      0      0      0      9    168      0      0      0 183820 
     0  59372      0  37931  27303    283   1710    357      0   7911    487  14566  11005     67   4985    402      0      0     10     50      0    452    241      0   1438     94    406      0      0      0    331    148      0      0      0      0      0 110350 
 12606   1130  37931      0      0  10890  13057      0  18446  19462    308  13879  16080  26222     51   2667      0   7422   6479   2015      0    286   3561      0    876   2177      0    443    593    441      0    150    131      0      0     50      0  68953 
 14410      0  27303      0      0      0   3605      0   3084   3494      0      0      0      0      0   6377      0      0      6      0      0      0      0      0      0      0      0      0     47      0      0      0      0      0      0      0      0  48481 
     0  35053    283  10890      0      0  12199      0  22519   7834      0  19006    327  12406   5086   1280     51      0      0     42   1610   7347      0      0      0    450    384      0      0      0    240      0      0      0      0      0     58  63855 
   662  65851   1710  13057   3605  12199      0      0  18712  13811    538  14913    867   5004   9179    328      0      0      6   2668      0   1684     16      0     24      0   6741    130      0      0      0      0      0      0      0      0     25 135561 
     0      0    357      0      0      0      0      0      0      0      0      0      0      0      0      0      0      0      0      0      0      0      0      0      0      0      0      0    391      0      0      0      0      0      0      0      0  32773 
  3286  53663      0  18446   3084  22519  18712      0      0  19148    273   9034      0   1434  28632   2681      0    257      0      0      0   1805    574      0      0   1006     30     20      0    394      0      0      0      0      0      0      0  50828 
 16268  24590   7911  19462   3494   7834  13811      0  19148      0  28501   9496   2939  23114  23903   1852   5202   3771    250      0      0      0    412      0    609    931     42    458   1211      0      0      0      0      0      0      0      0  47779 
     0     33    487    308      0      0    538      0    273  28501      0   3990      0     28     80      0      0      0      0      0      0     29      0      0      0      0      0      0      0      0      0      0      0      0      0      0      0  18007 
  2605   6566  14566  13879      0  19006  14913      0   9034   9496   3990      0    230   8749  17103   4135    991   2520   9569      0      0    821    778      0   1332    992    924    625      0      0      0      0      0      0      0      0      0  21781 
     0   5265  11005  16080      0    327    867      0      0   2939      0    230      0   4955  12692      0    114      0   1472     32      0   5839      0      0      0      0      0      9      0      0      0      0      0      0      0      0      0  51812 
  2745  27515     67  26222      0  12406   5004      0   1434  23114     28   8749   4955      0  14053   2411      0    982   1245      0    252   3598   6434      0   1096   6927   7217      0      0      0    386      0      0      0     94      0     26  23955 
  2994    226   4985     51      0   5086   9179      0  28632  23903     80  17103  12692  14053      0  14372      0   2392   8747    364      0      0   1775   1146    759    946      0    707   1345     93      0      0      0     96      0      0     57   9381 
     0  14919    402   2667   6377   1280    328      0   2681   1852      0   4135      0   2411  14372      0      0      0      0      0      0   1855      0      0      0      0    316   1974      0      0    119      0      0      0    125      0      0  21399 
     0    830      0      0      0     51      0      0      0   5202      0    991    114      0      0      0      0      0      0      0      0      0      0      0      0      0      0      0      0      0      0      0      0      0      0      0      0   6267 
     0   6523      0   7422      0      0      0      0    257   3771      0   2520      0    982   2392      0      0      0      0      0      0    961      0      0      0      0      0      0      0      0      0      0      0      0      0      0      0   2628 
    60  14200     10   6479      6      0      6      0      0    250      0   9569   1472   1245   8747      0      0      0      0      0   3681   1332      2      0   1204      0    635      0      0      0    107      0      0      0      0      0      0  21204 
     0    386     50   2015      0     42   2668      0      0      0      0      0     32      0    364      0      0      0      0      0      0      0      0      0      0      0      0      0      0      0      0      0      0      0      0      0      0   2464 
     0      0      0      0      0   1610      0      0      0      0      0      0      0    252      0      0      0      0   3681      0      0      0      0      0      0      0      0      0      0      0      0      0      0      0      0      0      0   1275 
  2166   1697    452    286      0   7347   1684      0   1805      0     29    821   5839   3598      0   1855      0    961   1332      0      0      0    335      0    271   1237      0    549    344      0      0      0      0      0      0      0      0   8464 
     0   1165    241   3561      0      0     16      0    574    412      0    778      0   6434   1775      0      0      0      2      0      0    335      0      0      0      0      0      0      0      0      0      0      0      0      0      0      0   6616 
     0      0      0      0      0      0      0      0      0      0      0      0      0      0   1146      0      0      0      0      0      0      0      0      0      0      0      0      0      0      0      0      0      0      0      0      0      0   1110 
     0    486   1438    876      0      0     24      0      0    609      0   1332      0   1096    759      0      0      0   1204      0      0    271      0      0      0      0      0      0     44      0      0      0      0      0      0      0      0   1632 
    13   1939     94   2177      0    450      0      0   1006    931      0    992      0   6927    946      0      0      0      0      0      0   1237      0      0      0      0     34      0      0      0      0      0      0      0      0      0      0   8480 
   223      0    406      0      0    384   6741      0     30     42      0    924      0   7217      0    316      0      0    635      0      0      0      0      0      0     34      0      0      0      0      0      0      0      0      0      0      0      0 
     0    877      0    443      0      0    130      0     20    458      0    625      9      0    707   1974      0      0      0      0      0    549      0      0      0      0      0      0      0      0    115      0      0      0      0      0      0   1559 
     0    926      0    593     47      0      0    391      0   1211      0      0      0      0   1345      0      0      0      0      0      0    344      0      0     44      0      0      0      0      0      0      0      0      0      0      0      0   2005 
     0      0      0    441      0      0      0      0    394      0      0      0      0      0     93      0      0      0      0      0      0      0      0      0      0      0      0      0      0      0      0      0      0      0      0      0      0      0 
     0      0    331      0      0    240      0      0      0      0      0      0      0    386      0    119      0      0    107      0      0      0      0      0      0      0      0    115      0      0      0      0      0      0      0      0      0      0 
     0      0    148    150      0      0      0      0      0      0      0      0      0      0      0      0      0      0      0      0      0      0      0      0      0      0      0      0      0      0      0      0      0      0      0      0      0      0 
     0      9      0    131      0      0      0      0      0      0      0      0      0      0      0      0      0      0      0      0      0      0      0      0      0      0      0      0      0      0      0      0      0      0      0      0      0    150 
     0    168      0      0      0      0      0      0      0      0      0      0      0      0     96      0      0      0      0      0      0      0      0      0      0      0      0      0      0      0      0      0      0      0      0      0      0    225 
     0      0      0      0      0      0      0      0      0      0      0      0      0     94      0    125      0      0      0      0      0      0      0      0      0      0      0      0      0      0      0      0      0      0      0      0      0      0 
     0      0      0     50      0      0      0      0      0      0      0      0      0      0      0      0      0      0      0      0      0      0      0      0      0      0      0      0      0      0      0      0      0      0      0      0      0     70 
    10      0      0      0      0     58     25      0      0      0      0      0      0     26     57      0      0      0      0      0      0      0      0      0      0      0      0      0      0      0      0      0      0      0      0      0      0     10 
109379 183820 110350  68953  48481  63855 135561  32773  50828  47779  18007  21781  51812  23955   9381  21399   6267   2628  21204   2464   1275   8464   6616   1110   1632   8480      0   1559   2005      0      0      0    150    225      0     70     10      0 
