n = 34
     0  35731  76995  45923 212952   5616 122595  41800      0  62028 214255    197 116623   9089 119132      0  63840  24525      0  68106      0  49412      0   4554   4487      0      0  21911   1117    361      0      0      0 563996 
 35731      0 103966  74149   7129  33882  25759  13172      0      0  11264 107815    328   4315   8318      0      0      0    861      0      0      0      0      0      0      0      0      0      0      0      0      0      0 178487 
 76995 103966      0  11258      0  28528    182      0      0      0      0   4070      0    228      0      0      0      0      0      0   5861      0      0      0      0      0      0      0      0      0      0      0      0  37705 
 45923  74149  11258      0 139705  60723 129274  17806      0  28477  57925  60554  47650      0  72602  19366  56616  34431      0  74645      0  29975      0  20684  19874    892   3253  14520    349      0      0      0      0 432483 
212952   7129      0 139705      0 251824      0  27528      0   1813   3228  78757    718  56516    373      0   2973  27794      0  35388      0      0    628      0      0      0    483   9056      0      0      0      0      0 297641 
  5616  33882  28528  60723 251824      0 128076  34708      0  36142 133593    485  63831      0  54122      0  70745  18855      0 112866      0  38365      0  25471  18431      0      0   8145    337      0      0      0      0 627215 
122595  25759    182 129274      0 128076      0  99055      0      0   8888 219182  22934   4796   5476      0      0  12178   2290  63904    893   2512      0   2859   9612      0      0      0      0      0      0      0      0 253161 
 41800  13172      0  17806  27528  34708  99055      0      0  11450  11956  20509  10545      0  43593      0   3630   5122  54351  43685      0   2945      0   4466    616   2905      0   4356      0      0      0      0      0  91665 
     0      0      0      0      0      0      0      0      0      0      0    709      0      0      0      0      0      0      0      0      0      0      0      0      0      0      0      0      0      0      0      0      0  78210 
 62028      0      0  28477   1813  36142      0  11450      0      0  38220  59875    311      0  14142      0  14585      0      0      0      0      0      0      0      0      0    245      0      0      0      0      0      0 182413 
214255  11264      0  57925   3228 133593   8888  11956      0  38220      0 114891   9149      0  11292      0   4964   8997      0  76249      0   4726      0  10957   1799   2088   3436   4853      0      0      0    295      0  70657 
   197 107815   4070  60554  78757    485 219182  20509    709  59875 114891      0  43186   1546  87470      0  56610  15720      0  97317      0  30149      0   8190   4027      0      0   3919      0      0    283      0    189 378279 
116623    328      0  47650    718  63831  22934  10545      0    311   9149  43186      0   6379    296      0      0      0      0      0      0      0    439      0      0      0    351      0      0      0      0      0      0 238222 
  9089   4315    228      0  56516      0   4796      0      0      0      0   1546   6379      0    752      0      0      0      0    636      0      0      0      0      0      0      0      0      0      0      0      0      0  84478 
119132   8318      0  72602    373  54122   5476  43593      0  14142  11292  87470    296    752      0      0    225    301    659  61209    483    283   5175   5188      0      0      0      0      0      0      0      0      0 174519 
     0      0      0  19366      0      0      0      0      0      0      0      0      0      0      0      0      0      0      0      0      0      0      0      0      0      0      0      0      0      0      0      0      0  14365 
 63840      0      0  56616   2973  70745      0   3630      0  14585   4964  56610      0      0    225      0      0      0      0      0      0      0      0      0      0      0      0   5259      0      0      0      0      0  84614 
 24525      0      0  34431  27794  18855  12178   5122      0      0   8997  15720      0      0    301      0      0      0      0      0      0      0      0      0      0      0      0      0      0      0      0      0      0  60334 
     0    861      0      0      0      0   2290  54351      0      0      0      0      0      0    659      0      0      0      0      0      0      0      0      0      0      0      0      0      0      0      0      0      0  45278 
 68106      0      0  74645  35388 112866  63904  43685      0      0  76249  97317      0    636  61209      0      0      0      0      0      0    281      0      0      0      0   9739      0      0      0      0      0      0  66134 
     0      0   5861      0      0      0    893      0      0      0      0      0      0      0    483      0      0      0      0      0      0      0      0      0      0      0      0      0      0      0      0      0      0  12383 
 49412      0      0  29975      0  38365   2512   2945      0      0   4726  30149      0      0    283      0      0      0      0    281      0      0      0      0      0      0      0      0      0      0      0      0      0  34425 
     0      0      0      0    628      0      0      0      0      0      0      0    439      0   5175      0      0      0      0      0      0      0      0      0      0      0      0      0      0      0      0      0      0   6243 
  4554      0      0  20684      0  25471   2859   4466      0      0  10957   8190      0      0   5188      0      0      0      0      0      0      0      0      0      0      0      0      0      0      0      0      0      0  53996 
  4487      0      0  19874      0  18431   9612    616      0      0   1799   4027      0      0      0      0      0      0      0      0      0      0      0      0      0      0      0      0      0      0      0      0      0    732 
     0      0      0    892      0      0      0   2905      0      0   2088      0      0      0      0      0      0      0      0      0      0      0      0      0      0      0      0      0      0      0      0      0      0   5691 
     0      0      0   3253    483      0      0      0      0    245   3436      0    351      0      0      0      0      0      0   9739      0      0      0      0      0      0      0      0      0      0      0      0      0  22548 
 21911      0      0  14520   9056   8145      0   4356      0      0   4853   3919      0      0      0      0   5259      0      0      0      0      0      0      0      0      0      0      0      0      0      0      0      0  17323 
  1117      0      0    349      0    337      0      0      0      0      0      0      0      0      0      0      0      0      0      0      0      0      0      0      0      0      0      0      0      0      0      0      0   1164 
   361      0      0      0      0      0      0      0      0      0      0      0      0      0      0      0      0      0      0      0      0      0      0      0      0      0      0      0      0      0      0      0      0    319 
     0      0      0      0      0      0      0      0      0      0      0    283      0      0      0      0      0      0      0      0      0      0      0      0      0      0      0      0      0      0      0      0      0    281 
     0      0      0      0      0      0      0      0      0      0    295      0      0      0      0      0      0      0      0      0      0      0      0      0      0      0      0      0      0      0      0      0      0    293 
     0      0      0      0      0      0      0      0      0      0      0    189      0      0      0      0      0      0      0      0      0      0      0      0      0      0      0      0      0      0      0      0      0    185 
563996 178487  37705 432483 297641 627215 253161  91665  78210 182413  70657 378279 238222  84478 174519  14365  84614  60334  45278  66134  12383  34425   6243  53996    732   5691  22548  17323   1164    319    281    293    185      0 
