n = 34
     0  35622  92667  45762 212410   5746 117471  51300      0  77386 209074    207 132246   4067 109304      0  63789  29398      0  67720      0  49993      0   4530   4570      0      0  17030   1120    333      0      0      0 553673 
 35622      0  89174  58757   7244  33907  25907  13088      0      0  11414 117711    383   4236   8406      0      0      0    822      0      0      0      0      0      0      0      0      0      0      0      0      0      0 208731 
 92667  89174      0  16168      0  23616    185      0      0      0      0   4160      0    242      0      0      0      0      0      0   5732      0      0      0      0      0      0      0      0      0      0      0      0  37252 
 45762  58757  16168      0 139333  55470 123295  17856      0  28196  63252  60702  68153      0  87333  19379  51774  34815      0  79344      0  25209      0  15619  24694    846   3197  19379    320      0      0      0      0 452778 
212410   7244      0 139333      0 241179      0  22924      0   1910   8227  78502    697  56587    364      0   2927  32600      0  25457      0      0    557      0      0      0    474   4181      0      0      0      0      0 277900 
  5746  33907  23616  55470 241179      0 133776  39935      0  30933 128564    490  69358      0  38547      0  71280  18754      0 117366      0  38125      0  35213  18858      0      0   8279    323      0      0      0      0 622583 
117471  25907    185 123295      0 133776      0  98545      0      0   8878 239233  27595   4753   5553      0      0  12092   2417  54133    928   2570      0   7888   9500      0      0      0      0      0      0      0      0 254157 
 51300  13088      0  17856  22924  39935  98545      0      0  11517  16930  20341  10529      0  39005      0   3634   5051  53966  48911      0   2888      0   4539    621   7894      0   4279      0      0      0      0      0 101301 
     0      0      0      0      0      0      0      0      0      0      0    691      0      0      0      0      0      0      0      0      0      0      0      0      0      0      0      0      0      0      0      0      0  87758 
 77386      0      0  28196   1910  30933      0  11517      0      0  53582  58836    310      0   9160      0  14437      0      0      0      0      0      0      0      0      0    211      0      0      0      0      0      0 162377 
209074  11414      0  63252   8227 128564   8878  16930      0  53582      0 124841   9188      0  11363      0   4964   8888      0  66398      0   4846      0   5927   1819   2047   3474   4871      0      0      0    283      0  65843 
   207 117711   4160  60702  78502    490 239233  20341    691  58836 124841      0  38469   1488  87711      0  51766  20776      0 112457      0  29827      0   8113   4190      0      0   9043      0      0    315      0    197 363067 
132246    383      0  68153    697  69358  27595  10529      0    310   9188  38469      0   6204    329      0      0      0      0      0      0      0    482      0      0      0    360      0      0      0      0      0      0 219886 
  4067   4236    242      0  56587      0   4753      0      0      0      0   1488   6204      0   5670      0      0      0      0    569      0      0      0      0      0      0      0      0      0      0      0      0      0  74137 
109304   8406      0  87333    364  38547   5553  39005      0   9160  11363  87711    329   5670      0      0    218    290    635  55963    553    278   5265    210      0      0      0      0      0      0      0      0      0 174974 
     0      0      0  19379      0      0      0      0      0      0      0      0      0      0      0      0      0      0      0      0      0      0      0      0      0      0      0      0      0      0      0      0      0  14477 
 63789      0      0  51774   2927  71280      0   3634      0  14437   4964  51766      0      0    218      0      0      0      0      0      0      0      0      0      0      0      0   5305      0      0      0      0      0  89551 
 29398      0      0  34815  32600  18754  12092   5051      0      0   8888  20776      0      0    290      0      0      0      0      0      0      0      0      0      0      0      0      0      0      0      0      0      0  40041 
     0    822      0      0      0      0   2417  53966      0      0      0      0      0      0    635      0      0      0      0      0      0      0      0      0      0      0      0      0      0      0      0      0      0  50171 
 67720      0      0  79344  25457 117366  54133  48911      0      0  66398 112457      0    569  55963      0      0      0      0      0      0    285      0      0      0      0   9870      0      0      0      0      0      0  41267 
     0      0   5732      0      0      0    928      0      0      0      0      0      0      0    553      0      0      0      0      0      0      0      0      0      0      0      0      0      0      0      0      0      0   7241 
 49993      0      0  25209      0  38125   2570   2888      0      0   4846  29827      0      0    278      0      0      0      0    285      0      0      0      0      0      0      0      0      0      0      0      0      0  34295 
     0      0      0      0    557      0      0      0      0      0      0      0    482      0   5265      0      0      0      0      0      0      0      0      0      0      0      0      0      0      0      0      0      0   6199 
  4530      0      0  15619      0  35213   7888   4539      0      0   5927   8113      0      0    210      0      0      0      0      0      0      0      0      0      0      0      0      0      0      0      0      0      0  49241 
  4570      0      0  24694      0  18858   9500    621      0      0   1819   4190      0      0      0      0      0      0      0      0      0      0      0      0      0      0      0      0      0      0      0      0      0    792 
     0      0      0    846      0      0      0   7894      0      0   2047      0      0      0      0      0      0      0      0      0      0      0      0      0      0      0      0      0      0      0      0      0      0   5659 
     0      0      0   3197    474      0      0      0      0    211   3474      0    360      0      0      0      0      0      0   9870      0      0      0      0      0      0      0      0      0      0      0      0      0  17397 
 17030      0      0  19379   4181   8279      0   4279      0      0   4871   9043      0      0      0      0   5305      0      0      0      0      0      0      0      0      0      0      0      0      0      0      0      0  17344 
  1120      0      0    320      0    323      0      0      0      0      0      0      0      0      0      0      0      0      0      0      0      0      0      0      0      0      0      0      0      0      0      0      0   1268 
   333      0      0      0      0      0      0      0      0      0      0      0      0      0      0      0      0      0      0      0      0      0      0      0      0      0      0      0      0      0      0      0      0    308 
     0      0      0      0      0      0      0      0      0      0      0    315      0      0      0      0      0      0      0      0      0      0      0      0      0      0      0      0      0      0      0      0      0    310 
     0      0      0      0      0      0      0      0      0      0    283      0      0      0      0      0      0      0      0      0      0      0      0      0      0      0      0      0      0      0      0      0      0    286 
     0      0      0      0      0      0      0      0      0      0      0    197      0      0      0      0      0      0      0      0      0      0      0      0      0      0      0      0      0      0      0      0      0    203 
553673 208731  37252 452778 277900 622583 254157 101301  87758 162377  65843 363067 219886  74137 174974  14477  89551  40041  50171  41267   7241  34295   6199  49241    792   5659  17397  17344   1268    308    310    286    203      0 
