n = 34
     0  40308  77061  40854 192603   5799 121615  41031      0  72357 213733    190 127070   3975 109121      0  68649  19674      0  63352      0  44762      0   4523   4564      0      0  16646   1144    320      0      0      0 573758 
 40308      0  99243  69226  12171  34084  20686  23269      0      0  11482 107674    326   4249   8312      0      0      0    857      0      0      0      0      0      0      0      0      0      0      0      0      0      0 183763 
 77061  99243      0  11070      0  28522    183      0      0      0      0   4130      0    237      0      0      0      0      0      0   5850      0      0      0      0      0      0      0      0      0      0      0      0  27758 
 40854  69226  11070      0 134304  50325 117864  17753      0  33129  62888  60181  53182      0  81978  14535  52214  44755      0  79251      0  25199      0  20613  24792    861   3226  14535    295      0      0      0      0 423000 
192603  12171      0 134304      0 230336      0  22868      0   1776   3273  84019    717  61652    355      0   2966  37984      0  30492      0      0    609      0      0      0    448   9153      0      0      0      0      0 278163 
  5799  34084  28522  50325 230336      0 127672  29780      0  31156 123684    487  58967      0  43831      0  75879  24057      0 107721      0  38339      0  20251  18797      0      0   8164    304      0      0      0      0 633370 
121615  20686    183 117864      0 127672      0 113819      0      0   8983 254626  32554   4757   5555      0      0  11960   2311  54245    906   2657      0   2825  14370      0      0      0      0      0      0      0      0 269873 
 41031  23269      0  17753  22868  29780 113819      0      0  11467  12092  20346  15608      0  38368      0   3503   4987  53916  43649      0   3043      0   4397    609   2968      0   4413      0      0      0      0      0  96719 
     0      0      0      0      0      0      0      0      0      0      0    725      0      0      0      0      0      0      0      0      0      0      0      0      0      0      0      0      0      0      0      0      0  78203 
 72357      0      0  33129   1776  31156      0  11467      0      0  38133  64586    335      0   9178      0  24437      0      0      0      0      0      0      0      0      0    225      0      0      0      0      0      0 157485 
213733  11482      0  62888   3273 123684   8983  12092      0  38133      0 120176   9049      0  11305      0   9968   9201      0  70946      0   4754      0   6145   1804   2018   3416   9793      0      0      0    304      0  75587 
   190 107674   4130  60181  84019    487 254626  20346    725  64586 120176      0  43454   1389  97310      0  61732  30746      0 102597      0  29693      0   8067   3945      0      0   4036      0      0    298      0    202 363964 
127070    326      0  53182    717  58967  32554  15608      0    335   9049  43454      0  16282    300      0      0      0      0      0      0      0    442      0      0      0    359      0      0      0      0      0      0 233704 
  3975   4249    237      0  61652      0   4757      0      0      0      0   1389  16282      0    751      0      0      0      0    617      0      0      0      0      0      0      0      0      0      0      0      0      0  74513 
109121   8312      0  81978    355  43831   5555  38368      0   9178  11305  97310    300    751      0      0    191    324    667  60819    516    226  10270    193      0      0      0      0      0      0      0      0      0 185146 
     0      0      0  14535      0      0      0      0      0      0      0      0      0      0      0      0      0      0      0      0      0      0      0      0      0      0      0      0      0      0      0      0      0  19249 
 68649      0      0  52214   2966  75879      0   3503      0  24437   9968  61732      0      0    191      0      0      0      0      0      0      0      0      0      0      0      0   5394      0      0      0      0      0  84095 
 19674      0      0  44755  37984  24057  11960   4987      0      0   9201  30746      0      0    324      0      0      0      0      0      0      0      0      0      0      0      0      0      0      0      0      0      0  45586 
     0    857      0      0      0      0   2311  53916      0      0      0      0      0      0    667      0      0      0      0      0      0      0      0      0      0      0      0      0      0      0      0      0      0  60154 
 63352      0      0  79251  30492 107721  54245  43649      0      0  70946 102597      0    617  60819      0      0      0      0      0      0    264      0      0      0      0   9638      0      0      0      0      0      0  46354 
     0      0   5850      0      0      0    906      0      0      0      0      0      0      0    516      0      0      0      0      0      0      0      0      0      0      0      0      0      0      0      0      0      0   7340 
 44762      0      0  25199      0  38339   2657   3043      0      0   4754  29693      0      0    226      0      0      0      0    264      0      0      0      0      0      0      0      0      0      0      0      0      0  33868 
     0      0      0      0    609      0      0      0      0      0      0      0    442      0  10270      0      0      0      0      0      0      0      0      0      0      0      0      0      0      0      0      0      0   6235 
  4523      0      0  20613      0  20251   2825   4397      0      0   6145   8067      0      0    193      0      0      0      0      0      0      0      0      0      0      0      0      0      0      0      0      0      0  59210 
  4564      0      0  24792      0  18797  14370    609      0      0   1804   3945      0      0      0      0      0      0      0      0      0      0      0      0      0      0      0      0      0      0      0      0      0    728 
     0      0      0    861      0      0      0   2968      0      0   2018      0      0      0      0      0      0      0      0      0      0      0      0      0      0      0      0      0      0      0      0      0      0  10631 
     0      0      0   3226    448      0      0      0      0    225   3416      0    359      0      0      0      0      0      0   9638      0      0      0      0      0      0      0      0      0      0      0      0      0  17360 
 16646      0      0  14535   9153   8164      0   4413      0      0   9793   4036      0      0      0      0   5394      0      0      0      0      0      0      0      0      0      0      0      0      0      0      0      0  12582 
  1144      0      0    295      0    304      0      0      0      0      0      0      0      0      0      0      0      0      0      0      0      0      0      0      0      0      0      0      0      0      0      0      0   1187 
   320      0      0      0      0      0      0      0      0      0      0      0      0      0      0      0      0      0      0      0      0      0      0      0      0      0      0      0      0      0      0      0      0    344 
     0      0      0      0      0      0      0      0      0      0      0    298      0      0      0      0      0      0      0      0      0      0      0      0      0      0      0      0      0      0      0      0      0    320 
     0      0      0      0      0      0      0      0      0      0    304      0      0      0      0      0      0      0      0      0      0      0      0      0      0      0      0      0      0      0      0      0      0    278 
     0      0      0      0      0      0      0      0      0      0      0    202      0      0      0      0      0      0      0      0      0      0      0      0      0      0      0      0      0      0      0      0      0    202 
573758 183763  27758 423000 278163 633370 269873  96719  78203 157485  75587 363964 233704  74513 185146  19249  84095  45586  60154  46354   7340  33868   6235  59210    728  10631  17360  12582   1187    344    320    278    202      0 
