n = 32
     0  66478      0    982   6488  22195  12235    345    698      0      0   3304      0    313      0      0  13476      0   1057      0      0      0   6522      0      0      0      0      0      0      0      0  75067 
 66478      0    315  64609  52496   2037   1502  38563  99555    700   7696  42715  25481      0  23254  11669  18871      0     96  13827   7150   2457      0   6500      0    345   6427   3102    967      0    126 263309 
     0    315      0  58359    222      0   2138    294      0      0      0   1388      0      0      0      0    185      0      0      0      0      0      0      0      0      0      0      0      0      0      0  54057 
   982  64609  58359      0  33478      0   3619   1152  12070   3187   7113    958   5411  15594   6247  11583   9308    727   1974    241   3535   4208      0    662      0   2900     79    775      0      0      0  48080 
  6488  52496    222  33478      0  63614  28471      0    821      0      0      4    103   1997  13198   2985   5736   1752    626      0      0   3554   1802     14   1539     14      0      0      0      0      0 118005 
 22195   2037      0      0  63614      0      0  35776  44655  11817  18125  36654  20999      0  23847  22118   1624      0    345   7605   1901  11266      0   3081      0    353    430   3319   1747    157      9 129137 
 12235   1502   2138   3619  28471      0      0  47028  32509   7267  11030  39932  11573      0  16614  10327   2229      0   5364  23562  10475   1974      0   6357    418    891    543   2075   1287      0     51 179560 
   345  38563    294   1152      0  35776  47028      0      0      0    266    255    375   1274    526    650   1664    509    247      0   1432   8970   2007    333    292      0     16      0      0      0      0 109975 
   698  99555      0  12070    821  44655  32509      0      0      0   1499   1633    523   2800  36628    468  15460   5744   5045      0      0      0   2372      0      8      0      0      0      0      0      0 146841 
     0    700      0   3187      0  11817   7267      0      0      0      0      0      0      0      0      0      0      0      0      0      0      0      0      0      0      0      0      0      0      0      0  61386 
     0   7696      0   7113      0  18125  11030    266   1499      0      0   2384   2036      0     23      0   1277    397      0      0      0      0      0      0      0      0      0      0      0      0      0  45729 
  3304  42715   1388    958      4  36654  39932    255   1633      0   2384      0    609    692   8199   2774   4726   1269   2412      0   2912   1875     47     12      0     50     39      0      0      0      0  29472 
     0  25481      0   5411    103  20999  11573    375    523      0   2036    609      0      0      0      0  12255   3545    566      0   2238      0   2042      0    144      0      0      0      0      0      0  34397 
   313      0      0  15594   1997      0      0   1274   2800      0      0    692      0      0    169      0   2001      0      0      0     19      0      0     45      0     32      0    256      0      0      0  14035 
     0  23254      0   6247  13198  23847  16614    526  36628      0     23   8199      0    169      0    167   8011   9703    110      0      0      0     42      0   2049      0      0      0      0      0     24  53648 
     0  11669      0  11583   2985  22118  10327    650    468      0      0   2774      0      0    167      0   6234    121    342   3555      0      0   2179      0      0      0    122      0      0      0     23  26582 
 13476  18871    185   9308   5736   1624   2229   1664  15460      0   1277   4726  12255   2001   8011   6234      0      0      0   1980   4029   1538    256   2376      0    922   1148   2103    363      0     54  17347 
     0      0      0    727   1752      0      0    509   5744      0    397   1269   3545      0   9703    121      0      0      0      0     32      0      0      1      0     53    695      0      0      0      0   8258 
  1057     96      0   1974    626    345   5364    247   5045      0      0   2412    566      0    110    342      0      0      0    640    821      0      0    241      0     96      0      0     14      0      0   8239 
     0  13827      0    241      0   7605  23562      0      0      0      0      0      0      0      0   3555   1980      0    640      0      0      0      0      0      0      0      0      0      0      0      0  23825 
     0   7150      0   3535      0   1901  10475   1432      0      0      0   2912   2238     19      0      0   4029     32    821      0      0      0     13      0      0      0      0      0      0      0      0   6568 
     0   2457      0   4208   3554  11266   1974   8970      0      0      0   1875      0      0      0      0   1538      0      0      0      0      0     73      0    594      0      0      0      0      0      0   3380 
  6522      0      0      0   1802      0      0   2007   2372      0      0     47   2042      0     42   2179    256      0      0      0     13     73      0      2      0      0    244     38      0      0     52    472 
     0   6500      0    662     14   3081   6357    333      0      0      0     12      0     45      0      0   2376      1    241      0      0      0      2      0      0      0      0      0      0      0      0  23620 
     0      0      0      0   1539      0    418    292      8      0      0      0    144      0   2049      0      0      0      0      0      0    594      0      0      0      0      0      0      0      0      0   2573 
     0    345      0   2900     14    353    891      0      0      0      0     50      0     32      0      0    922     53     96      0      0      0      0      0      0      0      0      0      0      0      0   4491 
     0   6427      0     79      0    430    543     16      0      0      0     39      0      0      0    122   1148    695      0      0      0      0    244      0      0      0      0      0      0      0      0   1575 
     0   3102      0    775      0   3319   2075      0      0      0      0      0      0    256      0      0   2103      0      0      0      0      0     38      0      0      0      0      0      0      0      0    748 
     0    967      0      0      0   1747   1287      0      0      0      0      0      0      0      0      0    363      0     14      0      0      0      0      0      0      0      0      0      0      0      0      0 
     0      0      0      0      0    157      0      0      0      0      0      0      0      0      0      0      0      0      0      0      0      0      0      0      0      0      0      0      0      0      0    161 
     0    126      0      0      0      9     51      0      0      0      0      0      0      0     24     23     54      0      0      0      0      0     52      0      0      0      0      0      0      0      0      0 
 75067 263309  54057  48080 118005 129137 179560 109975 146841  61386  45729  29472  34397  14035  53648  26582  17347   8258   8239  23825   6568   3380    472  23620   2573   4491   1575    748      0    161      0      0 
