n = 34
     0  45782  91722  50919 197672   5853 121477  36283      0  77417 234411    201 121180   4048 103468      0  73704  19245      0  63049      0  44890      0   4589   4314      0      0  21634   1141    327      0      0      0 554282 
 45782      0  99288  58506  12198  39206  25930  13134      0      0  11375 117356    343   4206   8457      0      0      0    828      0      0      0      0      0      0      0      0      0      0      0      0      0      0 184017 
 91722  99288      0  11069      0  28682    187      0      0      0      0   4202      0    238      0      0      0      0      0      0   5829      0      0      0      0      0      0      0      0      0      0      0      0  27225 
 50919  58506  11069      0 144191  50278 132813  17662      0  28201  68422  60027  53343      0  87229  14211  51956  49245      0  74359      0  30398      0  15509  24956    816   3234  14541    317      0      0      0      0 453268 
197672  12198      0 144191      0 226362      0  27642      0   1824   3286  84174    720  51517    416      0   2991  32636      0  35571      0      0    546      0      0      0    425   4197      0      0      0      0      0 297959 
  5853  39206  28682  50278 226362      0 147717  34627      0  31272 113826    440  79110      0  38796      0  71038  18657      0 107745      0  38299      0  20362  18459      0      0   8301    344      0      0      0      0 623368 
121477  25930    187 132813      0 147717      0 113682      0      0   8825 224300  22775   4853   5485      0      0  11938   2378  48811    967   2533      0   2960   9472      0      0      0      0      0      0      0      0 253883 
 36283  13134      0  17662  27642  34627 113682      0      0  16461  11890  30288  10499      0  39244      0   3607   5149  58973  43601      0   2970      0   4552    613   2903      0   9466      0      0      0      0      0 111547 
     0      0      0      0      0      0      0      0      0      0      0    711      0      0      0      0      0      0      0      0      0      0      0      0      0      0      0      0      0      0      0      0      0  73066 
 77417      0      0  28201   1824  31272      0  16461      0      0  38355  74098    332      0   9221      0  14580      0      0      0      0      0      0      0      0      0    240      0      0      0      0      0      0 162627 
234411  11375      0  68422   3286 113826   8825  11890      0  38355      0 124537   9126      0  11415      0   4905   8981      0  70963      0   4869      0   5934   1761   1980   3440   4943      0      0      0    296      0  71074 
   201 117356   4202  60027  84174    440 224300  30288    711  74098 124537      0  38302   1549  82451      0  72009  15836      0 122640      0  39918      0  13239   4160      0      0   4078      0      0    304      0    195 349415 
121180    343      0  53343    720  79110  22775  10499      0    332   9126  38302      0   6322    315      0      0      0      0      0      0      0    408      0      0      0    362      0      0      0      0      0      0 204064 
  4048   4206    238      0  51517      0   4853      0      0      0      0   1549   6322      0    718      0      0      0      0    589      0      0      0      0      0      0      0      0      0      0      0      0      0  74017 
103468   8457      0  87229    416  38796   5485  39244      0   9221  11415  82451    315    718      0      0    213    306    684  56221    554    292   5295    165      0      0      0      0      0      0      0      0      0 209998 
     0      0      0  14211      0      0      0      0      0      0      0      0      0      0      0      0      0      0      0      0      0      0      0      0      0      0      0      0      0      0      0      0      0  14391 
 73704      0      0  51956   2991  71038      0   3607      0  14580   4905  72009      0      0    213      0      0      0      0      0      0      0      0      0      0      0      0   5241      0      0      0      0      0  84570 
 19245      0      0  49245  32636  18657  11938   5149      0      0   8981  15836      0      0    306      0      0      0      0      0      0      0      0      0      0      0      0      0      0      0      0      0      0  44921 
     0    828      0      0      0      0   2378  58973      0      0      0      0      0      0    684      0      0      0      0      0      0      0      0      0      0      0      0      0      0      0      0      0      0  55322 
 63049      0      0  74359  35571 107745  48811  43601      0      0  70963 122640      0    589  56221      0      0      0      0      0      0    265      0      0      0      0   9731      0      0      0      0      0      0  41457 
     0      0   5829      0      0      0    967      0      0      0      0      0      0      0    554      0      0      0      0      0      0      0      0      0      0      0      0      0      0      0      0      0      0  12409 
 44890      0      0  30398      0  38299   2533   2970      0      0   4869  39918      0      0    292      0      0      0      0    265      0      0      0      0      0      0      0      0      0      0      0      0      0  39312 
     0      0      0      0    546      0      0      0      0      0      0      0    408      0   5295      0      0      0      0      0      0      0      0      0      0      0      0      0      0      0      0      0      0   6173 
  4589      0      0  15509      0  20362   2960   4552      0      0   5934  13239      0      0    165      0      0      0      0      0      0      0      0      0      0      0      0      0      0      0      0      0      0  44585 
  4314      0      0  24956      0  18459   9472    613      0      0   1761   4160      0      0      0      0      0      0      0      0      0      0      0      0      0      0      0      0      0      0      0      0      0    732 
     0      0      0    816      0      0      0   2903      0      0   1980      0      0      0      0      0      0      0      0      0      0      0      0      0      0      0      0      0      0      0      0      0      0   5784 
     0      0      0   3234    425      0      0      0      0    240   3440      0    362      0      0      0      0      0      0   9731      0      0      0      0      0      0      0      0      0      0      0      0      0  17481 
 21634      0      0  14541   4197   8301      0   9466      0      0   4943   4078      0      0      0      0   5241      0      0      0      0      0      0      0      0      0      0      0      0      0      0      0      0  12239 
  1141      0      0    317      0    344      0      0      0      0      0      0      0      0      0      0      0      0      0      0      0      0      0      0      0      0      0      0      0      0      0      0      0   1183 
   327      0      0      0      0      0      0      0      0      0      0      0      0      0      0      0      0      0      0      0      0      0      0      0      0      0      0      0      0      0      0      0      0    333 
     0      0      0      0      0      0      0      0      0      0      0    304      0      0      0      0      0      0      0      0      0      0      0      0      0      0      0      0      0      0      0      0      0    300 
     0      0      0      0      0      0      0      0      0      0    296      0      0      0      0      0      0      0      0      0      0      0      0      0      0      0      0      0      0      0      0      0      0    308 
     0      0      0      0      0      0      0      0      0      0      0    195      0      0      0      0      0      0      0      0      0      0      0      0      0      0      0      0      0      0      0      0      0    217 
554282 184017  27225 453268 297959 623368 253883 111547  73066 162627  71074 349415 204064  74017 209998  14391  84570  44921  55322  41457  12409  39312   6173  44585    732   5784  17481  12239   1183    333    300    308    217      0 
