n = 27
     0 113367   8988  41005   1552  20773   4698      0  22305   1354  13755   3291    866   9122    101    824      0      0   1452    160      0     94      0      0    203    189 164254 
113367      0  90986   9497      0  31087    129      0  23802  11930   5463   1222    364    550      0   7374      0      0      0      0      0   4433      0      0      0      0  72960 
  8988  90986      0    825   4575   6906  19172  14062   4803   8841  18358  42311   5451    500  16539   4684  15208  14402   9721   2814   8788   1976    144      7    396      0 131286 
 41005   9497    825      0  40186     97  25613   5049   1438  11053   8282  23412   7472  22339   2432   3789   1806  12403   5203   3494   1381   3064    149      0      0      4  91455 
  1552      0   4575  40186      0   2504    114      0   9371      0      0   4423      0    490      0      0      0      0   6631      0      0      0      0      0      0      0  61676 
 20773  31087   6906     97   2504      0  40255   8952   4457  17933  28318   9367   4985    839   2439   6464   4645   9192  10309   1642   1843   2810      0      0      0      0  63890 
  4698    129  19172  25613    114  40255      0  32522  28091   1887   1272   1000   7243   8589    235   1079      9     57   1275      0   2110  12631      0      0      0    277  67948 
     0      0  14062   5049      0   8952  32522      0   5641      0    850   2409    511    391      0      0      0      0   6674      0      0     65      0      0      0      2  82568 
 22305  23802   4803   1438   9371   4457  28091   5641      0  15412  19994   6104    108    270    205   5115   2041   7335   8493    285   2061   2990      0      0     66    181  55675 
  1354  11930   8841  11053      0  17933   1887      0  15412      0    416    317      0      0      0      0      0      0    464      0      0      0      0      0      0      0  58323 
 13755   5463  18358   8282      0  28318   1272    850  19994    416      0   7946   1166   5920     76     94      0   1556    664    679    629    413      0      0      0     47  71223 
  3291   1222  42311  23412   4423   9367   1000   2409   6104    317   7946      0   7708   5276    491    480     69   1871    948    553   1107   1773      0      0      0      0  41046 
   866    364   5451   7472      0   4985   7243    511    108      0   1166   7708      0      0   4352      0     43   3137   1970    209      2      0      0      0      0      0  36611 
  9122    550    500  22339    490    839   8589    391    270      0   5920   5276      0      0   3997   2023      0   2147   4954   3540     17   2660    490    480      0      0  15957 
   101      0  16539   2432      0   2439    235      0    205      0     76    491   4352   3997      0      0      0    212    898      0      0      0    147      0      0      0  26740 
   824   7374   4684   3789      0   6464   1079      0   5115      0     94    480      0   2023      0      0      0      0    238      0    823      0      0      0     89      0  13415 
     0      0  15208   1806      0   4645      9      0   2041      0      0     69     43      0      0      0      0      0    211      0      0      0      0      0      0     67   1647 
     0      0  14402  12403      0   9192     57      0   7335      0   1556   1871   3137   2147    212      0      0      0    243    177      0      0      0      0      0      0  36340 
  1452      0   9721   5203   6631  10309   1275   6674   8493    464    664    948   1970   4954    898    238    211    243      0   1716    180    383      0      0      0    134  24369 
   160      0   2814   3494      0   1642      0      0    285      0    679    553    209   3540      0      0      0    177   1716      0      0      0      0      0     76      0   7402 
     0      0   8788   1381      0   1843   2110      0   2061      0    629   1107      2     17      0    823      0      0    180      0      0      0      0     44      0      0   5779 
    94   4433   1976   3064      0   2810  12631     65   2990      0    413   1773      0   2660      0      0      0      0    383      0      0      0      0      0      0      0  12756 
     0      0    144    149      0      0      0      0      0      0      0      0      0    490    147      0      0      0      0      0      0      0      0      0      0      0    652 
     0      0      7      0      0      0      0      0      0      0      0      0      0    480      0      0      0      0      0      0     44      0      0      0      0      0    412 
   203      0    396      0      0      0      0      0     66      0      0      0      0      0      0     89      0      0      0     76      0      0      0      0      0      0     97 
   189      0      0      4      0      0    277      2    181      0     47      0      0      0      0      0     67      0    134      0      0      0      0      0      0      0     57 
164254  72960 131286  91455  61676  63890  67948  82568  55675  58323  71223  41046  36611  15957  26740  13415   1647  36340  24369   7402   5779  12756    652    412     97     57      0 
