n = 41
      0  114947   88944   97641    1552   76933   76799       0   86510    1610   60358   34034    1086   40693     101    4720       0       0    7977     160       0      94       0       0    1898     189  164254    5014       0    3952    2773    4260     217    1641    1506       0       0       0     203     287   47050 
 114947       0   93721   20313       0   42733   10433       0   25561   11930    6242    1222     364    1027       0    9098       0       0   10853       0       0    4633       0       0       0       0   72960    1573       0       0    1748       0       0       0    2833       0       0       0       0       0    8659 
  88944   93721       0    2904   29884   13484   92653   83077   32141    9143  184271  168809    5653   29435   26004   38020   34380   97006   47799   37580    8990   16280    9207    1789    7942       0  134883       0    2118       0       0     288       0       0    7295     959       0    1219       0       0  140172 
  97641   20313    2904       0   51012    5372   73413  120406   48101   12105  145029  102832    8499   30958   14348   96955   10313  121916   28003   29538    1381    8980    3872     182    1043       4   92834   47709    1976       0       0     506       0       0       0       0       0     190       0       0  225719 
   1552       0   29884   51012       0    4875    2334       0   23499       0     475    7075       0    4533       0       0       0       0    7472       0       0       0       0       0       0       0   61676       0       0       0     309    1632       0     236       0       0       0     192     379       0   27995 
  76933   42733   13484    5372    4875       0   97978  119841   48917   18186  129520   85537    4985   36301   10163   48319   18943   61941   73687   33571    1843    9914    7489    3597    1648       0   72887       0   24560       0       0    4759       0       0       0    5857     181     381       0       0  148241 
  76799   10433   92653   73413    2334   97978       0   47261   83789    1887   15693    7592    7243   20812     235   22010    2465      57    1275       0    2297   16909       0     228       0     277   67948       0    7905     284    2023    3086    5987    1374       0     456       0       0    1282    1169   37003 
      0       0   83077  120406       0  119841   47261       0   59159       0     850    5691     511   14855     566       0       0     748    7559       0       0      65       0       0       0       2   82568       0       0       0       0     883     182     402       0    7463       0       0       0     185  151218 
  86510   25561   32141   48101   23499   48917   83789   59159       0   15412   76203   48032     108   20084    3339   66595   21894   27647   39071   11089    2248   10121       0       0    2684     181   64142    1363    4505       0     524       0    2272       0       0       0       0       0     403       0   46090 
   1610   11930    9143   12105       0   18186    1887       0   15412       0     867     317       0       0       0       0       0       0     464       0       0       0       0       0       0       0   58323       0       0       0       0       0       0       0       0       0       0       0       0       0    2451 
  60358    6242  184271  145029     475  129520   15693     850   76203     867       0   10924    1166   40230    1964    6677       0    2167     879    8653     629     413       0       0       0      47   71223    5932     181    2079    2107    6475    1460    2706     193       0       0    1539       0       0  340202 
  34034    1222  168809  102832    7075   85537    7592    5691   48032     317   10924       0    7708   14039    9064    6083    4105    6964    1129   47969    2134    8059       0     286       0       0   41046    1324    1089    2092   11721    2773    1817    3333       0       0       0       0     711     250   67768 
   1086     364    5653    8499       0    4985    7243     511     108       0    1166    7708       0       0    4352       0      43    3137    1970     209       2       0       0       0       0       0   36611       0       0       0       0       0       0       0       0       0       0       0       0       0    1451 
  40693    1027   29435   30958    4533   36301   20812   14855   20084       0   40230   14039       0       0    6826   12089     840   18653   22119   16101      17   11972    1940   19604       0       0   17418       0    7560     228     436     394     366       0       0       0       0     229       0       0   27174 
    101       0   26004   14348       0   10163     235     566    3339       0    1964    9064    4352    6826       0     459       0    4215    7874       0       0       0    1281       0       0       0   26740       0       0       0    1495     486     183       0       0    3295       0       0       0       0   10514 
   4720    9098   38020   96955       0   48319   22010       0   66595       0    6677    6083       0   12089     459       0       0       0    5601       0     823       0       0       0     794       0   13415       0     188    1698     185    2666    2368       0       0       0       0     279     219       0   97337 
      0       0   34380   10313       0   18943    2465       0   21894       0       0    4105      43     840       0       0       0       0    1019       0       0       0       0       0       0      67    1647       0       0     408     756    1339     198     192       0     645       0       0     283       0   20810 
      0       0   97006  121916       0   61941      57     748   27647       0    2167    6964    3137   18653    4215       0       0       0    1650   12152     181       0       0       0       0       0   36340     699       0    4693    1895     205     182     192       0       0       0       0    1114     836  101113 
   7977   10853   47799   28003    7472   73687    1275    7559   39071     464     879    1129    1970   22119    7874    5601    1019    1650       0    5573     180    2479       0    2905       0     134   24369       0       0    3370     245    1810       0     193       0    2013       0       0       0     204   44451 
    160       0   37580   29538       0   33571       0       0   11089       0    8653   47969     209   16101       0       0       0   12152    5573       0       0       0       0       0    1347       0    7402       0     732    1496     554    1785       0    2634     280    3295       0       0       0     185   78574 
      0       0    8990    1381       0    1843    2297       0    2248       0     629    2134       2      17       0     823       0     181     180       0       0       0       0      44       0       0    5779       0       0       0       0       0       0       0       0       0       0       0       0       0    2613 
     94    4633   16280    8980       0    9914   16909      65   10121       0     413    8059       0   11972       0       0       0       0    2479       0       0       0       0       0       0       0   12756       0       0     859     554     328     798       0       0       0       0       0       0       0    7920 
      0       0    9207    3872       0    7489       0       0       0       0       0       0       0    1940    1281       0       0       0       0       0       0       0       0       0       0       0     652       0       0       0    9970       0       0       0       0       0       0       0       0       0   19631 
      0       0    1789     182       0    3597     228       0       0       0       0     286       0   19604       0       0       0       0    2905       0      44       0       0       0       0       0     412       0       0       0     299       0       0       0       0       0       0       0       0       0   10206 
   1898       0    7942    1043       0    1648       0       0    2684       0       0       0       0       0       0     794       0       0       0    1347       0       0       0       0       0       0      97       0       0     368     741       0       0       0     218       0       0       0       0       0    1173 
    189       0       0       4       0       0     277       2     181       0      47       0       0       0       0       0      67       0     134       0       0       0       0       0       0       0      57       0       0       0       0       0       0       0       0       0       0       0       0       0       0 
 164254   72960  134883   92834   61676   72887   67948   82568   64142   58323   71223   41046   36611   17418   26740   13415    1647   36340   24369    7402    5779   12756     652     412      97      57       0       0       0       0       0       0       0       0     480       0       0       0       0       0    3867 
   5014    1573       0   47709       0       0       0       0    1363       0    5932    1324       0       0       0       0       0     699       0       0       0       0       0       0       0       0       0       0   32764       0       0       0       0       0       0       0       0       0       0       0    1721 
      0       0    2118    1976       0   24560    7905       0    4505       0     181    1089       0    7560       0     188       0       0       0     732       0       0       0       0       0       0       0   32764       0       0       0       0       0       0    1782       0       0       0       0       0     784 
   3952       0       0       0       0       0     284       0       0       0    2079    2092       0     228       0    1698     408    4693    3370    1496       0     859       0       0     368       0       0       0       0       0       0       0       0       0       0       0       0       0       0       0     233 
   2773    1748       0       0     309       0    2023       0     524       0    2107   11721       0     436    1495     185     756    1895     245     554       0     554    9970     299     741       0       0       0       0       0       0       0       0       0       0       0       0       0       0       0   18299 
   4260       0     288     506    1632    4759    3086     883       0       0    6475    2773       0     394     486    2666    1339     205    1810    1785       0     328       0       0       0       0       0       0       0       0       0       0       0       0       0       0       0       0       0       0    2126 
    217       0       0       0       0       0    5987     182    2272       0    1460    1817       0     366     183    2368     198     182       0       0       0     798       0       0       0       0       0       0       0       0       0       0       0       0       0       0       0       0       0       0    2458 
   1641       0       0       0     236       0    1374     402       0       0    2706    3333       0       0       0       0     192     192     193    2634       0       0       0       0       0       0       0       0       0       0       0       0       0       0       0       0       0       0       0       0     735 
   1506    2833    7295       0       0       0       0       0       0       0     193       0       0       0       0       0       0       0       0     280       0       0       0       0     218       0     480       0    1782       0       0       0       0       0       0       0       0       0       0       0       0 
      0       0     959       0       0    5857     456    7463       0       0       0       0       0       0    3295       0     645       0    2013    3295       0       0       0       0       0       0       0       0       0       0       0       0       0       0       0       0       0       0       0       0    2013 
      0       0       0       0       0     181       0       0       0       0       0       0       0       0       0       0       0       0       0       0       0       0       0       0       0       0       0       0       0       0       0       0       0       0       0       0       0       0       0       0     181 
      0       0    1219     190     192     381       0       0       0       0    1539       0       0     229       0     279       0       0       0       0       0       0       0       0       0       0       0       0       0       0       0       0       0       0       0       0       0       0       0       0     190 
    203       0       0       0     379       0    1282       0     403       0       0     711       0       0       0     219     283    1114       0       0       0       0       0       0       0       0       0       0       0       0       0       0       0       0       0       0       0       0       0       0     195 
    287       0       0       0       0       0    1169     185       0       0       0     250       0       0       0       0       0     836     204     185       0       0       0       0       0       0       0       0       0       0       0       0       0       0       0       0       0       0       0       0       0 
  47050    8659  140172  225719   27995  148241   37003  151218   46090    2451  340202   67768    1451   27174   10514   97337   20810  101113   44451   78574    2613    7920   19631   10206    1173       0    3867    1721     784     233   18299    2126    2458     735       0    2013     181     190     195       0       0 

