n = 41
      0  108815   87806   93011    1808   78918   61811     181   67133    2185   53712   43322    1062   36214    1233    2340     181       0    5569     853       0     103       0       0    2411     195  189247    6646       0    3827    2636    2740    4197    1133       0     215       0       0     880       0   48512 
 108815       0   92066   22347       0   36231    5419       0   35191   13052    5642    1199     330    1111       0   11138       0       0    4270       0       0    4709       0       0       0       0   63352     213       0       0       0       0       0       0     181       0       0       0       0       0   14038 
  87806   92066       0    2825   19500   11014   86175   71774   29371   11681  185680  150369    6031   16391   16267   39978   47189   86303   45716   36385    4338   13265    5289    4169   18244       0  133272       0    1442       0       0       0       0       0    9699     439       0    2130       0       0  132030 
  93011   22347    2825       0   63033   44442   95306  202937   20465   12068  103729   90493    7602   27609   11694   54619   16533   32713   32186   30980    1413   22626    9300       0    1573       1   96308   49012    6147       0       0    3831       0       0       0       0       0     628       0       0  703844 
   1808       0   19500   63033       0    7266    3119       0   14484       0     646    8882       0    1997       0       0       0     253    2265       0       0       0       0       0     198       0   61617       0       0       0       0    2428       0     236       0       0       0     305       0       0   25760 
  78918   36231   11014   44442    7266       0   98653  112090   54323   13451   99884   91620    5007   24475   18926   53803   16996   70752   66118   35214    1758   14115    1442    1429    4081       0   65836       0   29934     181       0     612       0       0       0       0       0    1430       0       0  194108 
  61811    5419   86175   95306    3119   98653       0   48530   79775    1850   12868   11548    7242   26657     214   19718     894      49    1203       0    2097   11566       0     312       0     238   58411       0    5523       0     232    1923    8320    1652       0    6025       0       0    2176    3439   65580 
    181       0   71774  202937       0  112090   48530       0   49332       0    1106    7219     514   18773     566    3536       0    2431    7280       0       0      63       0       0       0       6   67485       0       0    1522       0    2644     489     678       0     756       0     314       0     186  192320 
  67133   35191   29371   20465   14484   54323   79775   49332       0   10418   86306   41531      91    8830    7740   63053   27071   27773   31348    8056    2040   15250       0     333    7768     163   70795    2194    8137       0       0       0     440       0     446       0       0       0     403       0   31333 
   2185   13052   11681   12068       0   13451    1850       0   10418       0     675     331       0       0       0       0       0       0     484       0       0       0       0       0       0       0   48431       0       0       0       0       0       0       0       0       0       0       0       0       0    4273 
  53712    5642  185680  103729     646   99884   12868    1106   86306     675       0    6841    1671   24869    1038    3425       0    3134    1181    9864     930     450       0     267       0      42   76358    9916       0    1110       0    2021    5708    1652     439     317    8581    1843       0       0  235946 
  43322    1199  150369   90493    8882   91620   11548    7219   41531     331    6841       0    2760   12689    7413    6472    7662    6482    3305   29235    1388   13352     583     236       0       0   36012     761    1640    2530    6532    4424    6289    2758       0       0       0       0     431       0   48500 
   1062     330    6031    7602       0    5007    7242     514      91       0    1671    2760       0       0    6364       0      38    3149    2419     184       3       0       0       0       0       0   31694       0       0       0       0       0       0       0       0       0       0       0       0       0    2529 
  36214    1111   16391   27609    1997   24475   26657   18773    8830       0   24869   12689       0       0    5259    9546    1835   20235   24658   10881      20   14547    1798   14765     213       0   11857       0    1503       0     715     294     963       0       0       0       0     323       0       0   12033 
   1233       0   16267   11694       0   18926     214     566    7740       0    1038    7413    6364    5259       0       0       0    3638    6440     252       0     429     162       0       0       0   26388       0       0       0     184       0       0       0       0    2026       0       0       0       0   15900 
   2340   11138   39978   54619       0   53803   19718    3536   63053       0    3425    6472       0    9546       0       0       0       0    4297       0     777       0       0       0     490       0    8301       0       0    1079     782    3559     624     493       0     186       0       0     627       0   64860 
    181       0   47189   16533       0   16996     894       0   27071       0       0    7662      38    1835       0       0       0       0    2577       0       0       0       0       0       0      83    1646    1210       0     546     493    1836     386       0       0       0       0       0     283       0   15244 
      0       0   86303   32713     253   70752      49    2431   27773       0    3134    6482    3149   20235    3638       0       0       0    3019   19178    1335       0       0       0       0       0   31386     314       0    1976    1780     368       0     863       0    4381       0     239     645    2846   60574 
   5569    4270   45716   32186    2265   66118    1203    7280   31348     484    1181    3305    2419   24658    6440    4297    2577    3019       0    9334     154    3044       0       0       0     126   19389       0       0       0       0    2402     183       0       0     396       0       0       0       0   37857 
    853       0   36385   30980       0   35214       0       0    8056       0    9864   29235     184   10881     252       0       0   19178    9334       0       0       0       0       0    2375       0    7435       0     296    1861     598    1194       0     710       0    2026       0       0       0       0   72325 
      0       0    4338    1413       0    1758    2097       0    2040       0     930    1388       3      20       0     777       0    1335     154       0       0       0       0      37       0       0    5696       0       0       0       0       0       0       0       0       0       0       0       0       0    2999 
    103    4709   13265   22626       0   14115   11566      63   15250       0     450   13352       0   14547     429       0       0       0    3044       0       0       0       0       0       0       0   12860       0       0     754     854       0       0    1017       0       0       0       0       0       0   12562 
      0       0    5289    9300       0    1442       0       0       0       0       0     583       0    1798     162       0       0       0       0       0       0       0       0       0       0       0     658       0       0       0       0       0       0       0       0     181       0       0       0       0    6292 
      0       0    4169       0       0    1429     312       0     333       0     267     236       0   14765       0       0       0       0       0       0      37       0       0       0       0       0     381       0       0       0     299       0       0       0       0       0       0       0       0       0    7303 
   2411       0   18244    1573     198    4081       0       0    7768       0       0       0       0     213       0     490       0       0       0    2375       0       0       0       0       0       0      91       0       0       0     449       0       0       0       0       0       0       0       0       0       0 
    195       0       0       1       0       0     238       6     163       0      42       0       0       0       0       0      83       0     126       0       0       0       0       0       0       0      58       0       0       0       0       0       0       0       0       0       0       0       0       0       0 
 189247   63352  133272   96308   61617   65836   58411   67485   70795   48431   76358   36012   31694   11857   26388    8301    1646   31386   19389    7435    5696   12860     658     381      91      58       0       0       0       0       0     294       0       0       0       0       0       0       0       0    6457 
   6646     213       0   49012       0       0       0       0    2194       0    9916     761       0       0       0       0    1210     314       0       0       0       0       0       0       0       0       0       0   24304       0       0       0       0       0       0       0       0       0       0       0     955 
      0       0    1442    6147       0   29934    5523       0    8137       0       0    1640       0    1503       0       0       0       0       0     296       0       0       0       0       0       0       0   24304       0       0       0       0       0       0    8815       0       0       0       0       0     362 
   3827       0       0       0       0     181       0    1522       0       0    1110    2530       0       0       0    1079     546    1976       0    1861       0     754       0       0       0       0       0       0       0       0       0       0       0       0       0       0       0       0       0       0    1615 
   2636       0       0       0       0       0     232       0       0       0       0    6532       0     715     184     782     493    1780       0     598       0     854       0     299     449       0       0       0       0       0       0       0       0       0       0       0       0       0       0       0    4705 
   2740       0       0    3831    2428     612    1923    2644       0       0    2021    4424       0     294       0    3559    1836     368    2402    1194       0       0       0       0       0       0     294       0       0       0       0       0       0       0       0       0       0       0       0       0       0 
   4197       0       0       0       0       0    8320     489     440       0    5708    6289       0     963       0     624     386       0     183       0       0       0       0       0       0       0       0       0       0       0       0       0       0       0       0       0       0       0       0       0    1228 
   1133       0       0       0     236       0    1652     678       0       0    1652    2758       0       0       0     493       0     863       0     710       0    1017       0       0       0       0       0       0       0       0       0       0       0       0       0       0       0       0       0       0       0 
      0     181    9699       0       0       0       0       0     446       0     439       0       0       0       0       0       0       0       0       0       0       0       0       0       0       0       0       0    8815       0       0       0       0       0       0       0       0       0       0       0     182 
    215       0     439       0       0       0    6025     756       0       0     317       0       0       0    2026     186       0    4381     396    2026       0       0     181       0       0       0       0       0       0       0       0       0       0       0       0       0       0       0       0       0    1006 
      0       0       0       0       0       0       0       0       0       0    8581       0       0       0       0       0       0       0       0       0       0       0       0       0       0       0       0       0       0       0       0       0       0       0       0       0       0       0       0       0    8581 
      0       0    2130     628     305    1430       0     314       0       0    1843       0       0     323       0       0       0     239       0       0       0       0       0       0       0       0       0       0       0       0       0       0       0       0       0       0       0       0       0       0       0 
    880       0       0       0       0       0    2176       0     403       0       0     431       0       0       0     627     283     645       0       0       0       0       0       0       0       0       0       0       0       0       0       0       0       0       0       0       0       0       0       0     195 
      0       0       0       0       0       0    3439     186       0       0       0       0       0       0       0       0       0    2846       0       0       0       0       0       0       0       0       0       0       0       0       0       0       0       0       0       0       0       0       0       0     832 
  48512   14038  132030  703844   25760  194108   65580  192320   31333    4273  235946   48500    2529   12033   15900   64860   15244   60574   37857   72325    2999   12562    6292    7303       0       0    6457     955     362    1615    4705       0    1228       0     182    1006    8581       0     195     832       0 

