n = 41
      0  118889   80131   79635    1905  102593   61902       0   68545    1305   41506   44061     908   39781     822    3225       0       0    6882     195     181      95       0       0    2681     206  194701       0       0   10137    1918    1876    4138     535    1506     330       0       0     253       0   51742 
 118889       0   95815   15601    1096   45930   11285       0   30149   12334    5644    1274     350    2435       0   12907       0       0    7022       0       0    4663       0       0       0       0   78336    1153       0       0       0       0       0       0    1198       0       0       0       0       0    8093 
  80131   95815       0    3955   18473   16460   97791   80185   26403   10391  126667  160407    5618   24110   15894   40053   62449   74215   60765   25067    3776   14390    2156    2927    6329       0  131712     254    1291       0       0     290       0       0    9370       0       0    1039       0       0  125328 
  79635   15601    3955       0   61054     951   86416   59985   19657   16870   75374  141795    7679   39941    7051  153922   10529  185867   24059   80985    1386   11938    4567     435    1570      12  116652   45996    4614       0       0    4337       0       0       0       0       0     628       0       0  193675 
   1905    1096   18473   61054       0    8553    6460       0   19230       0     384    9830       0    1694       0     272       0     253    3718       0       0       0       0       0       0       0   51740       0       0     195    1612    1034       0       0       0       0       0       0       0       0   32987 
 102593   45930   16460     951    8553       0  123294   85557   54877   13280   91002  107635    5019   13333   11806   53568   21586   71516   86927   37039    1822   16148    2717    2266    1480       0   76611       0   26258       0       0     365       0       0       0    3857       0     776       0       0  285210 
  61902   11285   97791   86416    6460  123294       0   58161   84841    1890   19260   10143    2241   17804     255   15108     871      64    1257       0    2108    8621       0     228       0     279   58452     236    6998     284     664    4570    6137    1652       0    1494       0       0     986    2470   32790 
      0       0   80185   59985       0   85557   58161       0   55738       0    1423    5838     573   17953     598       0       0       0    7505       0       0     270       0       0       0       1   72376     351       0     861    1440    3880    1591     377       0    3582       0     314       0     181   55241 
  68545   30149   26403   19657   19230   54877   84841   55738       0   10639   57576   52105      85    6967    4531   60127   23740   31043   35448    6312    2006   13052       0    1151    3757     219   65266    2085    3960     561    1143       0    1898       0     446       0       0       0     403       0   43660 
   1305   12334   10391   16870       0   13280    1890       0   10639       0     595     326       0       0       0       0       0       0     451       0       0       0       0       0       0       0   48302       0       0       0       0       0       0       0       0       0       0       0       0       0    2564 
  41506    5644  126667   75374     384   91002   19260    1423   57576     595       0    7098    1714   24694     900    3310       0    2671    1251    9985     664     424       0     310       0      50   70892   17282       0    2250    1292    5735    1455    3217     895       0     265     991       0       0  197376 
  44061    1274  160407  141795    9830  107635   10143    5838   52105     326    7098       0    2708   29724   10222   12701    2998   10395    1844   28791    1148   14174     776     719       0       1   36202     485     887    4662    7480    6872     586    1764       0       0       0       0     711     282  116123 
    908     350    5618    7679       0    5019    2241     573      85       0    1714    2708       0       0    6298       0      34    8186    1957     220       3       0       0       0       0       0   36613       0       0       0       0       0       0       0       0       0       0       0       0       0    5939 
  39781    2435   24110   39941    1694   13333   17804   17953    6967       0   24694   29724       0       0    5911   16192     639   16888   20361   10381      23   12881    2685   18917       0       0   12394       0    2069     228     182     201    2192       0       0       0       0     229       0       0   11370 
    822       0   15894    7051       0   11806     255     598    4531       0     900   10222    6298    5911       0     181       0   18935    2186       0       0       0     159       0       0       0   21563       0       0   13857       0       0       0       0       0    1025       0       0       0       0   11969 
   3225   12907   40053  153922     272   53568   15108       0   60127       0    3310   12701       0   16192     181       0       0       0    2847       0     958       0       0       0     320       0   13206       0     506     181     618    2282     934       0       0     337       0     279    2006       0  175031 
      0       0   62449   10529       0   21586     871       0   23740       0       0    2998      34     639       0       0       0       0    4919       0       0       0       0       0       0      77    1672       0       0       0     906    9299     481       0       0       0       0       0       0       0   23563 
      0       0   74215  185867     253   71516      64       0   31043       0    2671   10395    8186   16888   18935       0       0       0    3574    7725    2991    1315       0       0       0       0   30920     641       0   19387       0     890    4355       0       0     610       0     182    3380    2006  143968 
   6882    7022   60765   24059    3718   86927    1257    7505   35448     451    1251    1844    1957   20361    2186    2847    4919    3574       0    6432     173    4776       0    2905       0     128   19305     190       0    3166    1064     957     592     723       0       0       0     229       0       0   62260 
    195       0   25067   80985       0   37039       0       0    6312       0    9985   28791     220   10381       0       0       0    7725    6432       0       0       0       0       0    1523       0    7518       0       0     348     717     556       0    2034     581    1025       0       0       0       0  114632 
    181       0    3776    1386       0    1822    2108       0    2006       0     664    1148       3      23       0     958       0    2991     173       0       0       0       0      30       0       0    5598       0       0       0       0       0       0       0       0       0       0       0       0       0    2991 
     95    4663   14390   11938       0   16148    8621     270   13052       0     424   14174       0   12881       0       0       0    1315    4776       0       0       0       0       0       0       0   12726     621       0     201    1119     919     337       0       0       0       0     249       0       0   18892 
      0       0    2156    4567       0    2717       0       0       0       0       0     776       0    2685     159       0       0       0       0       0       0       0       0       0       0       0     646       0       0       0       0       0       0       0       0     274       0       0       0       0    6023 
      0       0    2927     435       0    2266     228       0    1151       0     310     719       0   18917       0       0       0       0    2905       0      30       0       0       0       0       0     393       0       0       0       0     318       0       0       0       0       0       0       0       0    8207 
   2681       0    6329    1570       0    1480       0       0    3757       0       0       0       0       0       0     320       0       0       0    1523       0       0       0       0       0       0      75       0       0       0       0       0       0       0       0       0       0       0       0       0    5306 
    206       0       0      12       0       0     279       1     219       0      50       1       0       0       0       0      77       0     128       0       0       0       0       0       0       0      50       0       0       0       0       0       0       0       0       0       0       0       0       0       0 
 194701   78336  131712  116652   51740   76611   58452   72376   65266   48302   70892   36202   36613   12394   21563   13206    1672   30920   19305    7518    5598   12726     646     393      75      50       0       0       0       0       0     365       0       0       0       0       0       0       0       0    9756 
      0    1153     254   45996       0       0     236     351    2085       0   17282     485       0       0       0       0       0     641     190       0       0     621       0       0       0       0       0       0   19605       0       0       0       0       0       0       0       0       0       0       0    1088 
      0       0    1291    4614       0   26258    6998       0    3960       0       0     887       0    2069       0     506       0       0       0       0       0       0       0       0       0       0       0   19605       0       0       0       0       0       0    4741       0       0       0       0       0       0 
  10137       0       0       0     195       0     284     861     561       0    2250    4662       0     228   13857     181       0   19387    3166     348       0     201       0       0       0       0       0       0       0       0       0       0       0       0       0       0       0       0       0       0    9007 
   1918       0       0       0    1612       0     664    1440    1143       0    1292    7480       0     182       0     618     906       0    1064     717       0    1119       0       0       0       0       0       0       0       0       0       0       0       0       0       0       0       0       0       0    6857 
   1876       0     290    4337    1034     365    4570    3880       0       0    5735    6872       0     201       0    2282    9299     890     957     556       0     919       0     318       0       0     365       0       0       0       0       0       0       0       0       0       0       0       0       0     201 
   4138       0       0       0       0       0    6137    1591    1898       0    1455     586       0    2192       0     934     481    4355     592       0       0     337       0       0       0       0       0       0       0       0       0       0       0       0       0       0       0       0       0       0     806 
    535       0       0       0       0       0    1652     377       0       0    3217    1764       0       0       0       0       0       0     723    2034       0       0       0       0       0       0       0       0       0       0       0       0       0       0       0       0       0       0       0       0     621 
   1506    1198    9370       0       0       0       0       0     446       0     895       0       0       0       0       0       0       0       0     581       0       0       0       0       0       0       0       0    4741       0       0       0       0       0       0       0       0       0       0       0       0 
    330       0       0       0       0    3857    1494    3582       0       0       0       0       0       0    1025     337       0     610       0    1025       0       0     274       0       0       0       0       0       0       0       0       0       0       0       0       0       0       0       0       0     330 
      0       0       0       0       0       0       0       0       0       0     265       0       0       0       0       0       0       0       0       0       0       0       0       0       0       0       0       0       0       0       0       0       0       0       0       0       0       0       0       0   57314 
      0       0    1039     628       0     776       0     314       0       0     991       0       0     229       0     279       0     182     229       0       0     249       0       0       0       0       0       0       0       0       0       0       0       0       0       0       0       0       0       0     229 
    253       0       0       0       0       0     986       0     403       0       0     711       0       0       0    2006       0    3380       0       0       0       0       0       0       0       0       0       0       0       0       0       0       0       0       0       0       0       0       0       0       0 
      0       0       0       0       0       0    2470     181       0       0       0     282       0       0       0       0       0    2006       0       0       0       0       0       0       0       0       0       0       0       0       0       0       0       0       0       0       0       0       0       0       0 
  51742    8093  125328  193675   32987  285210   32790   55241   43660    2564  197376  116123    5939   11370   11969  175031   23563  143968   62260  114632    2991   18892    6023    8207    5306       0    9756    1088       0    9007    6857     201     806     621       0     330   57314     229       0       0       0 

