n = 40
      0   36579   17852  901415  777860  152015  851118  490999  448398  535191  193056  261397  200007  271028  170661  100190    2948  114314   48047   15505   13967   50241       0       0    1515   39986   34753   63531     125     922   53027    1671       0    5545    6054       0    1515     953       0 2084004 
  36579       0   62564  536874  774888  357791  686084  475068  434054  431909  294888  150064  279403  414570  124466   56030       0   83200   99988   13683  188732   55928     532       0   12800   59772   24442   16301     155       0       0    6549       0    3842    6120       0     751      90     239 2123164 
  17852   62564       0  637110  535304  200252  572022  405313  315632  321961  454173   90024  258757  196383   95052  131646  334009   67726   75211    1123   19769   65758      90     300    4605    7680   33360    9491       0       0       0       0       0    4193    2379       0    1994     706     144 2079537 
 901415  536874  637110       0   39905  390437    5755   89841  272291   19854   46899  125880   52737    6306     933    5542   57732    1270   10059    9278       0    2107   16464   12655   24828      81       0       0   10368   18280    4362    3840    8706     608    9108       0    2761     377     127 1581740 
 777860  774888  535304   39905       0  335743   44385   39612  275101   57476   66581  104784  216910    5319   25544   22014    5951   75675   69291    7252    7840     656   21814   61635   14904       0    1365     153   12438   25586     656    1094       0       0     415    2114    1505    1808    1220  506787 
 152015  357791  200252  390437  335743       0  329110  325522  315454  190045  390286   69251   50480  215187  166650  112948    9846   80575   45936    2337   35276   17612    4878    4856       0   54041     263   27879    8087     971    2106       0       0    4469      88     859      90     372       0  226465 
 851118  686084  572022    5755   44385  329110       0  171114     429    5409    3942   82110     713    8392     970     522    1516     475    1409     584       0      88   15150    4401   12764       0     118       0    5839    4170       0   10119       0      83     938     310    1208       0     371 1150374 
 490999  475068  405313   89841   39612  325522  171114       0  427285     158  116039  104555     294     327   19430   22162   51593   28678     410    4009   35398   47450    1263   13983   21355     740    2842       0   39768    3860       0   14365       0     146     452   10678     474     395    9518  378760 
 448398  434054  315632  272291  275101  315454     429  427285       0    1476   19094  156348    3321   40128    1289    1318   15919     580    4790       0       0   34758   29864   25607   22820      81       0   11702    9116   13900    1861    1001       0    1748     272    4356    1625       0    1361  289776 
 535191  431909  321961   19854   57476  190045    5409     158    1476       0    1907  197871   84316   16099       0     625    4479    3613   35128       0       0     241   39213    6025    8752     265     237       0    7905    2026      83   11220       0       0    2330    8423     192    4326    5982  750388 
 193056  294888  454173   46899   66581  390286    3942  116039   19094    1907       0   82566    1287   26759     259    1001     173      97     786     131    1359   22989   14186    4677   21964       0      92    2738    3938    3782       0    1770       0       0     467    6531     300     553       0  522658 
 261397  150064   90024  125880  104784   69251   82110  104555  156348  197871   82566       0   44823  114656    4913   21818       0   67010   25490  278073   16959    7478    2068    1757    7117    8071   21056    3014    5482       0       0       0       0       0    1082       0       0     243       0  247500 
 200007  279403  258757   52737  216910   50480     713     294    3321   84316    1287   44823       0   33875     113     779     648     177     516     214    3101    1246    5885    3103    8267       0       0   13373     365   14551    1545    8875       0       0     511       0     405       0     442  661068 
 271028  414570  196383    6306    5319  215187    8392     327   40128   16099   26759  114656   33875       0   17455    9689     282   15822   22114    3046       0   54671    9350   12870   22669     310      81       0    2999    6398       0    5472       0     124     736    1006    1385      92    1030  290517 
 170661  124466   95052     933   25544  166650     970   19430    1289       0     259    4913     113   17455       0      99    1391      89     200       0       0       0    4408   10458   17326       0       0     601    2476     857       0    1078       0       0     129     283       0       0     248  124786 
 100190   56030  131646    5542   22014  112948     522   22162    1318     625    1001   21818     779    9689      99       0      87     177     155       0       0    1096    1547    4176    9496       0       0     198     324    1092       0       0       0       0    1288     466       0       0       0  248627 
   2948       0  334009   57732    5951    9846    1516   51593   15919    4479     173       0     648     282    1391      87       0    1382       0       0  176914    3134       0       0       0    1422     182     855       0       0       0       0       0       0       0       0       0       0       0    3114 
 114314   83200   67726    1270   75675   80575     475   28678     580    3613      97   67010     177   15822      89     177    1382       0     429       0       0    1213    3493    7024    1422       0       0       0    5251    5504       0     105       0       0     780     562     200    1465       0   89021 
  48047   99988   75211   10059   69291   45936    1409     410    4790   35128     786   25490     516   22114     200     155       0     429       0       0       0       0   14030    3444    1164       0    6611       0     281     689       0    8758       0       0      94       0    1821       0       0  104327 
  15505   13683    1123    9278    7252    2337     584    4009       0       0     131  278073     214    3046       0       0       0       0       0       0       0       0       0     653     684       0       0       0       0     107       0       0     249       0       0       0       0       0       0  227855 
  13967  188732   19769       0    7840   35276       0   35398       0       0    1359   16959    3101       0       0       0  176914       0       0       0       0       0       0       0     148       0       0       0       0       0   37479     412       0       0       0       0       0       0       0    1067 
  50241   55928   65758    2107     656   17612      88   47450   34758     241   22989    7478    1246   54671       0    1096    3134    1213       0       0       0       0     139    7647     173     236       0       0       0     101    4143       0       0    1627       0       0     396       0     239   80022 
      0     532      90   16464   21814    4878   15150    1263   29864   39213   14186    2068    5885    9350    4408    1547       0    3493   14030       0       0     139       0       0       0     198       0     968       0       0       0       0       0       0     226       0       0       0       0  137031 
      0       0     300   12655   61635    4856    4401   13983   25607    6025    4677    1757    3103   12870   10458    4176       0    7024    3444     653       0    7647       0       0       0       0   10058    1190       0       0       0       0       0       0       0       0       0       0       0   56049 
   1515   12800    4605   24828   14904       0   12764   21355   22820    8752   21964    7117    8267   22669   17326    9496       0    1422    1164     684     148     173       0       0       0    1281       0     451       0       0       0       0       0       0       0       0       0       0       0    5535 
  39986   59772    7680      81       0   54041       0     740      81     265       0    8071       0     310       0       0    1422       0       0       0       0     236     198       0    1281       0       0       0     168       0     480       0       0       0     115       0      88       0     419   31396 
  34753   24442   33360       0    1365     263     118    2842       0     237      92   21056       0      81       0       0     182       0    6611       0       0       0       0   10058       0       0       0       0       0       0       0    1126       0       0       0       0       0       0       0   62490 
  63531   16301    9491       0     153   27879       0       0   11702       0    2738    3014   13373       0     601     198     855       0       0       0       0       0     968    1190     451       0       0       0     191    3186     307       0       0       0     263       0       0       0       0   12776 
    125     155       0   10368   12438    8087    5839   39768    9116    7905    3938    5482     365    2999    2476     324       0    5251     281       0       0       0       0       0       0     168       0     191       0       0       0       0       0       0     168       0       0       0       0    5604 
    922       0       0   18280   25586     971    4170    3860   13900    2026    3782       0   14551    6398     857    1092       0    5504     689     107       0     101       0       0       0       0       0    3186       0       0       0       0       0       0       0       0       0       0       0   10148 
  53027       0       0    4362     656    2106       0       0    1861      83       0       0    1545       0       0       0       0       0       0       0   37479    4143       0       0       0     480       0     307       0       0       0       0       0       0       0       0       0       0       0       0 
   1671    6549       0    3840    1094       0   10119   14365    1001   11220    1770       0    8875    5472    1078       0       0     105    8758       0     412       0       0       0       0       0    1126       0       0       0       0       0       0       0       0       0       0       0       0    7503 
      0       0       0    8706       0       0       0       0       0       0       0       0       0       0       0       0       0       0       0     249       0       0       0       0       0       0       0       0       0       0       0       0       0       0       0       0       0       0       0   68138 
   5545    3842    4193     608       0    4469      83     146    1748       0       0       0       0     124       0       0       0       0       0       0       0    1627       0       0       0       0       0       0       0       0       0       0       0       0       0       0     239       0       0   20379 
   6054    6120    2379    9108     415      88     938     452     272    2330     467    1082     511     736     129    1288       0     780      94       0       0       0     226       0       0     115       0     263     168       0       0       0       0       0       0       0       0       0       0    2841 
      0       0       0       0    2114     859     310   10678    4356    8423    6531       0       0    1006     283     466       0     562       0       0       0       0       0       0       0       0       0       0       0       0       0       0       0       0       0       0       0       0       0    1171 
   1515     751    1994    2761    1505      90    1208     474    1625     192     300       0     405    1385       0       0       0     200    1821       0       0     396       0       0       0      88       0       0       0       0       0       0       0     239       0       0       0       0       0   16508 
    953      90     706     377    1808     372       0     395       0    4326     553     243       0      92       0       0       0    1465       0       0       0       0       0       0       0       0       0       0       0       0       0       0       0       0       0       0       0       0       0   13139 
      0     239     144     127    1220       0     371    9518    1361    5982       0       0     442    1030     248       0       0       0       0       0       0     239       0       0       0     419       0       0       0       0       0       0       0       0       0       0       0       0       0     921 
2084004 2123164 2079537 1581740  506787  226465 1150374  378760  289776  750388  522658  247500  661068  290517  124786  248627    3114   89021  104327  227855    1067   80022  137031   56049    5535   31396   62490   12776    5604   10148       0    7503   68138   20379    2841    1171   16508   13139     921       0 
