n = 40
      0    9386    3114  113255  117696   21580   70917   78295   71214   54895   35208   23614   22327   51136   47583   14023     254   12442    4210    2919    1291    9499       0       0     290    6364    2005    5945       0       0    9370       0       0    1361    1039       0       0       0       0  125328 
   9386       0     864   68139   98337   50413   76562   72887   76851   62208   42156   12485   35337   76715   16867    6188       0   13104    9330    2266   26258    9956       0       0     365    7668    2717    1480       0       0       0    3857       0     408     776       0       0       0       0  285210 
   3114     864       0   66820  112952   18264   54779   51097   43714  173812  149986   12795   77539   18726    8732   16089   45996    8982    4692     435    4614    6204       0       0    4337     388    4397    1570       0       0       0       0       0     483     628       0       0       0       0  193675 
 113255   68139   66820       0    4148   37529     598   18046   33046    1130    3235   18695    9283     603       0     384   17282       0     810     310       0     198    2250    1292    5735       0       0       0    1455    3217     895       0     265     198     991       0     543       0       0  197376 
 117696   98337  112952    4148       0   45982    3597    9156   40844    8516   12217   24421   28255     922    2918    5402     485   12392    9687     719     887       0    4662    7480    6872       0     776       0     586    1764       0       0       0       0       0     711       0       0     282  116123 
  21580   50413   18264   37529   45982       0   50247   56714   41213   23726   54965    6670    6044   26851   21664   14799    2085   10014    4306    1151    3960    1333     561    1143       0    4535       0    3690    1898       0     446       0       0     240       0     403       0       0       0   43660 
  70917   76562   54779     598    3597   50247       0   25313       0       0       0   12568       0     919       0       0     351     204     598       0       0       0     861    1440    3880       0       0       0    1591     377       0    3582       0       0     314       0       0       0     181   55241 
  78295   72887   51097   18046    9156   56714   25313       0   57260       0   13973   14341       0       0     861    6347     236    1003       0     228    6998   11159     284     664    4570       0       0       0    6137    1652       0    1494       0       0       0     986       0       0    2470   32790 
  71214   76851   43714   33046   40844   41213       0   57260       0       0    2460   30686       0    5387       0     461       0       0     721       0       0     692   10137    1918    1876       0       0    2473    4138     535    1506     330       0       0       0     253       0     181       0   51742 
  54895   62208  173812    1130    8516   23726       0       0       0       0       0   14805    7571    3303       0     253     641    1315   18728       0       0       0   19387       0     890       0       0       0    4355       0       0     610       0       0     182    3380       0    2991    2006  143968 
  35208   42156  149986    3235   12217   54965       0   13973    2460       0       0    9169       0    2605       0     272       0       0     181       0     506    5676     181     618    2282       0       0     229     934       0       0     337       0       0     279    2006       0     181       0  175031 
  23614   12485   12795   18695   24421    6670   12568   14341   30686   14805    9169       0    6826   15133     639    1195       0   10209    1874   18463    2069    1838     228     182     201    1566    2201       0    2192       0       0       0       0       0     229       0       0       0       0   11370 
  22327   35337   77539    9283   28255    6044       0       0       0    7571       0    6826       0    4860       0       0       0       0       0       0       0       0     348     717     556       0       0    1445       0    2034     581    1025       0       0       0       0       0       0       0  114632 
  51136   76715   18726     603     922   26851     919       0    5387    3303    2605   15133    4860       0    4685    2096     190    4397    1321    2905       0    7022    3166    1064     957       0       0       0     592     723       0       0       0       0     229       0       0       0       0   62260 
  47583   16867    8732       0    2918   21664       0     861       0       0       0     639       0    4685       0       0       0       0       0       0       0       0       0     906    9299       0       0       0     481       0       0       0       0       0       0       0       0       0       0   23563 
  14023    6188   16089     384    5402   14799       0    6347     461     253     272    1195       0    2096       0       0       0       0       0       0       0    1096     195    1612    1034       0       0       0       0       0       0       0       0       0       0       0       0       0       0   32987 
    254       0   45996   17282     485    2085     351     236       0     641       0       0       0     190       0       0       0     621       0       0   19605    1153       0       0       0       0       0       0       0       0       0       0       0       0       0       0       0       0       0    1088 
  12442   13104    8982       0   12392   10014     204    1003       0    1315       0   10209       0    4397       0       0     621       0       0       0       0     190     201    1119     919       0       0       0     337       0       0       0       0       0     249       0       0       0       0   18892 
   4210    9330    4692     810    9687    4306     598       0     721   18728     181    1874       0    1321       0       0       0       0       0       0       0       0   13857       0       0       0       0       0       0       0       0    1025       0       0       0       0    1821       0       0   11969 
   2919    2266     435     310     719    1151       0     228       0       0       0   18463       0    2905       0       0       0       0       0       0       0       0       0       0     318       0       0       0       0       0       0       0       0       0       0       0       0       0       0    8207 
   1291   26258    4614       0     887    3960       0    6998       0       0     506    2069       0       0       0       0   19605       0       0       0       0       0       0       0       0       0       0       0       0       0    4741       0       0       0       0       0       0       0       0       0 
   9499    9956    6204     198       0    1333       0   11159     692       0    5676    1838       0    7022       0    1096    1153     190       0       0       0       0       0       0       0       0       0       0       0       0    1198       0       0     269       0       0       0       0       0    8093 
      0       0       0    2250    4662     561     861     284   10137   19387     181     228     348    3166       0     195       0     201   13857       0       0       0       0       0       0       0       0       0       0       0       0       0       0       0       0       0       0       0       0    9007 
      0       0       0    1292    7480    1143    1440     664    1918       0     618     182     717    1064     906    1612       0    1119       0       0       0       0       0       0       0       0       0       0       0       0       0       0       0       0       0       0       0       0       0    6857 
    290     365    4337    5735    6872       0    3880    4570    1876     890    2282     201     556     957    9299    1034       0     919       0     318       0       0       0       0       0     365       0       0       0       0       0       0       0       0       0       0       0       0       0     201 
   6364    7668     388       0       0    4535       0       0       0       0       0    1566       0       0       0       0       0       0       0       0       0       0       0       0     365       0       0       0       0       0       0       0       0       0       0       0       0       0       0    9756 
   2005    2717    4397       0     776       0       0       0       0       0       0    2201       0       0       0       0       0       0       0       0       0       0       0       0       0       0       0       0       0       0       0     274       0       0       0       0       0       0       0    6023 
   5945    1480    1570       0       0    3690       0       0    2473       0     229       0    1445       0       0       0       0       0       0       0       0       0       0       0       0       0       0       0       0       0       0       0       0       0       0       0       0       0       0    5306 
      0       0       0    1455     586    1898    1591    6137    4138    4355     934    2192       0     592     481       0       0     337       0       0       0       0       0       0       0       0       0       0       0       0       0       0       0       0       0       0       0       0       0     806 
      0       0       0    3217    1764       0     377    1652     535       0       0       0    2034     723       0       0       0       0       0       0       0       0       0       0       0       0       0       0       0       0       0       0       0       0       0       0       0       0       0     621 
   9370       0       0     895       0     446       0       0    1506       0       0       0     581       0       0       0       0       0       0       0    4741    1198       0       0       0       0       0       0       0       0       0       0       0       0       0       0       0       0       0       0 
      0    3857       0       0       0       0    3582    1494     330     610     337       0    1025       0       0       0       0       0    1025       0       0       0       0       0       0       0     274       0       0       0       0       0       0       0       0       0       0       0       0     330 
      0       0       0     265       0       0       0       0       0       0       0       0       0       0       0       0       0       0       0       0       0       0       0       0       0       0       0       0       0       0       0       0       0       0       0       0       0       0       0   57314 
   1361     408     483     198       0     240       0       0       0       0       0       0       0       0       0       0       0       0       0       0       0     269       0       0       0       0       0       0       0       0       0       0       0       0       0       0       0       0       0    2564 
   1039     776     628     991       0       0     314       0       0     182     279     229       0     229       0       0       0     249       0       0       0       0       0       0       0       0       0       0       0       0       0       0       0       0       0       0       0       0       0     229 
      0       0       0       0     711     403       0     986     253    3380    2006       0       0       0       0       0       0       0       0       0       0       0       0       0       0       0       0       0       0       0       0       0       0       0       0       0       0       0       0       0 
      0       0       0     543       0       0       0       0       0       0       0       0       0       0       0       0       0       0    1821       0       0       0       0       0       0       0       0       0       0       0       0       0       0       0       0       0       0       0       0    5939 
      0       0       0       0       0       0       0       0     181    2991     181       0       0       0       0       0       0       0       0       0       0       0       0       0       0       0       0       0       0       0       0       0       0       0       0       0       0       0       0    2991 
      0       0       0       0     282       0     181    2470       0    2006       0       0       0       0       0       0       0       0       0       0       0       0       0       0       0       0       0       0       0       0       0       0       0       0       0       0       0       0       0       0 
 125328  285210  193675  197376  116123   43660   55241   32790   51742  143968  175031   11370  114632   62260   23563   32987    1088   18892   11969    8207       0    8093    9007    6857     201    9756    6023    5306     806     621       0     330   57314    2564     229       0    5939    2991       0       0 
