n = 40
      0    6578    2079  165913  126498   27338   69015   73481   79956   82604   33336   28935   34766   38078   19172   25309       0   14304    9465    1782    2118    2735       0       0     288    3597    9063    7546       0       0    7295     959       0     302    1219       0     202     202       0  140172 
   6578       0    5275  101202   76170   44460  110889   57723   56160   52749   41855   35462   31929   63378   14298    2371       0    7104    7724    3597   24560   11646       0       0    4759    8997    7489    1648       0       0       0    5857     181     253     381       0       0       0       0  148241 
   2079    5275       0  136747   79420   46663  115357   47800   56636  109513   93166    8619   26044   22800    8507   10826   47709    5916   11916     182    1976   10816       0       0     506    1379    3723    1043       0       0       0       0       0    1052     190       0    1027       0       0  225719 
 165913  101202  136747       0    2978   56209       0   14421   46603     611    6583   34310    7974     215       0     475    5932       0    1888       0     181     779    2079    2107    6475       0       0       0    1460    2706     193       0       0     451    1539       0       0       0       0  340202 
 126498   76170   79420    2978       0   41928    3282    6592   30743    5093    5603    8763   47416     181    4036    2652    1324    6286    8573     286    1089       0    2092   11721    2773       0       0       0    1817    3333       0       0       0       0       0     711       0    1027     250   67768 
  27338   44460   46663   56209   41928       0   53518   55698   64205   20312   61480   19814   10804   30578   19853   14128    1363    7131    3134       0    4505    1759       0     524       0    8467       0    2618    2272       0       0       0       0       0       0     403       0     187       0   46090 
  69015  110889  115357       0    3282   53518       0   14739       0     748       0   14464       0     885       0       0       0       0     566       0       0       0       0       0     883       0       0       0     182     402       0    7463       0       0       0       0       0       0     185  151218 
  73481   57723   47800   14421    6592   55698   14739       0   72101       0   20931   12223       0       0    2456    2220       0    4278       0     228    7905   10304     284    2023    3086       0       0       0    5987    1374       0     456       0       0       0    1282       0     187    1169   37003 
  79956   56160   56636   46603   30743   64205       0   72101       0       0    3896   31571       0    6525       0       0    5014       0       0       0       0    1580    3952    2773    4260       0       0    1695     217    1641    1506       0       0     256       0     203     220       0     287   47050 
  82604   52749  109513     611    5093   20312     748       0       0       0       0   16506   11975    1407       0       0     699       0    4003       0       0       0    4693    1895     205       0       0       0     182     192       0       0       0       0       0    1114       0     181     836  101113 
  33336   41855   93166    6583    5603   61480       0   20931    3896       0       0   10066       0    5363       0       0       0       0     459       0     188    1724    1698     185    2666       0       0     705    2368       0       0       0       0       0     279     219       0       0       0   97337 
  28935   35462    8619   34310    8763   19814   14464   12223   31571   16506   10066       0   12561   17165     840    4043       0    9312    2829   19124    7560     477     228     436     394    1461    1450       0     366       0       0       0       0       0     229       0       0       0       0   27174 
  34766   31929   26044    7974   47416   10804       0       0       0   11975       0   12561       0    3857       0       0       0       0       0       0     732       0    1496     554    1785       0       0    1271       0    2634     280    3295       0       0       0       0       0       0     185   78574 
  38078   63378   22800     215     181   30578     885       0    6525    1407    5363   17165    3857       0     808     841       0    2096    6976    2905       0   10853    3370     245    1810       0       0       0       0     193       0    2013       0       0       0       0       0       0     204   44451 
  19172   14298    8507       0    4036   19853       0    2456       0       0       0     840       0     808       0       0       0       0       0       0       0       0     408     756    1339       0       0       0     198     192       0     645       0       0       0     283       0       0       0   20810 
  25309    2371   10826     475    2652   14128       0    2220       0       0       0    4043       0     841       0       0       0       0       0       0       0       0       0     309    1632       0       0       0       0     236       0       0       0       0     192     379       0       0       0   27995 
      0       0   47709    5932    1324    1363       0       0    5014     699       0       0       0       0       0       0       0       0       0       0   32764    1573       0       0       0       0       0       0       0       0       0       0       0       0       0       0       0       0       0    1721 
  14304    7104    5916       0    6286    7131       0    4278       0       0       0    9312       0    2096       0       0       0       0       0       0       0     200     859     554     328       0       0       0     798       0       0       0       0       0       0       0       0       0       0    7920 
   9465    7724   11916    1888    8573    3134     566       0       0    4003     459    2829       0    6976       0       0       0       0       0       0       0       0       0    1495     486       0    1134       0     183       0       0    3295       0       0       0       0       0       0       0   10514 
   1782    3597     182       0     286       0       0     228       0       0       0   19124       0    2905       0       0       0       0       0       0       0       0       0     299       0       0       0       0       0       0       0       0       0       0       0       0       0       0       0   10206 
   2118   24560    1976     181    1089    4505       0    7905       0       0     188    7560     732       0       0       0   32764       0       0       0       0       0       0       0       0       0       0       0       0       0    1782       0       0       0       0       0       0       0       0     784 
   2735   11646   10816     779       0    1759       0   10304    1580       0    1724     477       0   10853       0       0    1573     200       0       0       0       0       0    1748       0       0       0       0       0       0    2833       0       0       0       0       0       0       0       0    8659 
      0       0       0    2079    2092       0       0     284    3952    4693    1698     228    1496    3370     408       0       0     859       0       0       0       0       0       0       0       0       0     368       0       0       0       0       0       0       0       0       0       0       0     233 
      0       0       0    2107   11721     524       0    2023    2773    1895     185     436     554     245     756     309       0     554    1495     299       0    1748       0       0       0       0    9970     741       0       0       0       0       0       0       0       0       0       0       0   18299 
    288    4759     506    6475    2773       0     883    3086    4260     205    2666     394    1785    1810    1339    1632       0     328     486       0       0       0       0       0       0       0       0       0       0       0       0       0       0       0       0       0       0       0       0    2126 
   3597    8997    1379       0       0    8467       0       0       0       0       0    1461       0       0       0       0       0       0       0       0       0       0       0       0       0       0       0       0       0       0     480       0       0       0       0       0       0       0       0    3867 
   9063    7489    3723       0       0       0       0       0       0       0       0    1450       0       0       0       0       0       0    1134       0       0       0       0    9970       0       0       0       0       0       0       0       0       0       0       0       0       0       0       0   19631 
   7546    1648    1043       0       0    2618       0       0    1695       0     705       0    1271       0       0       0       0       0       0       0       0       0     368     741       0       0       0       0       0       0     218       0       0       0       0       0       0       0       0    1173 
      0       0       0    1460    1817    2272     182    5987     217     182    2368     366       0       0     198       0       0     798     183       0       0       0       0       0       0       0       0       0       0       0       0       0       0       0       0       0       0       0       0    2458 
      0       0       0    2706    3333       0     402    1374    1641     192       0       0    2634     193     192     236       0       0       0       0       0       0       0       0       0       0       0       0       0       0       0       0       0       0       0       0       0       0       0     735 
   7295       0       0     193       0       0       0       0    1506       0       0       0     280       0       0       0       0       0       0       0    1782    2833       0       0       0     480       0     218       0       0       0       0       0       0       0       0       0       0       0       0 
    959    5857       0       0       0       0    7463     456       0       0       0       0    3295    2013     645       0       0       0    3295       0       0       0       0       0       0       0       0       0       0       0       0       0       0       0       0       0       0       0       0    2013 
      0     181       0       0       0       0       0       0       0       0       0       0       0       0       0       0       0       0       0       0       0       0       0       0       0       0       0       0       0       0       0       0       0       0       0       0       0       0       0     181 
    302     253    1052     451       0       0       0       0     256       0       0       0       0       0       0       0       0       0       0       0       0       0       0       0       0       0       0       0       0       0       0       0       0       0       0       0       0       0       0    2451 
   1219     381     190    1539       0       0       0       0       0       0     279     229       0       0       0     192       0       0       0       0       0       0       0       0       0       0       0       0       0       0       0       0       0       0       0       0       0       0       0     190 
      0       0       0       0     711     403       0    1282     203    1114     219       0       0       0     283     379       0       0       0       0       0       0       0       0       0       0       0       0       0       0       0       0       0       0       0       0       0       0       0     195 
    202       0    1027       0       0       0       0       0     220       0       0       0       0       0       0       0       0       0       0       0       0       0       0       0       0       0       0       0       0       0       0       0       0       0       0       0       0       0       0    1451 
    202       0       0       0    1027     187       0     187       0     181       0       0       0       0       0       0       0       0       0       0       0       0       0       0       0       0       0       0       0       0       0       0       0       0       0       0       0       0       0    2613 
      0       0       0       0     250       0     185    1169     287     836       0       0     185     204       0       0       0       0       0       0       0       0       0       0       0       0       0       0       0       0       0       0       0       0       0       0       0       0       0       0 
 140172  148241  225719  340202   67768   46090  151218   37003   47050  101113   97337   27174   78574   44451   20810   27995    1721    7920   10514   10206     784    8659     233   18299    2126    3867   19631    1173    2458     735       0    2013     181    2451     190     195    1451    2613       0       0 
