n = 40
         0 85111843 68608469 57202226     58463  8211051    540918     71300  4438545    394205 17111494    575526  1515019    151678 32911026          0     52242     42949      8821    839234    140992    440142     11836          0     47521     97037          0    583926    417041  1011992  1276426          0          0      8362     31051          0    120843     37164     93851 115037479 
85111843  1093526  3657938  1785235  1550572 26139741 53519155 20000794 77786025 19305655 49099950 90141501          0    294888 15201532          0 10019039 44839861  5024127 27102871  4804714          0  3475308  1396794 11431489 17066130  3998688     12514     92273    167162    151551  6353198  5302708    554544          0     95333    151514          0    605443 208400414 
68608469  3657938     23216  6256411  1368308 15006412 43190956 27940352 77488817 29488862 47506855 53687478     53293          0 35779106          0  5603040 43405472  5592892 41457074  9998894          0  2444252 18873217  8320004 12446674  5977250     15539          0    654957  1280029  1630123          0    384233          0      9011     75167     23985    612087 212316477 
57202226  1785235  6256411    679178    112354  9002473 32196100 25875789 53530466 45417371 40531317 63711063      9022 33400955 20025214          0 13164673 31563225  6575870 19638363  7521176     30058  3336089  1976904  6772636  9505214    768022          0          0          0    460588    949183          0    419388          0     70622    199498     14415    237956 207953780 
    58463  1550572  1368308    112354          0 27807352          0     21435    725267     13185    400908    927817          0          0    233721     24919          0          0          0    304680          0     65395          0          0          0          0          0          0     10739          0     68480          0          0          0          0          0          0          0          0 22785517 
 8211051 26139741 15006412  9002473 27807352          0 19787122  4482369 10478449  8256669 10455570 12588096    206818          0  6925181          0  2181801 15634878    747819 11465673  2549025    175797  2105656  1695970  6701015    491300    807175    548274          0          0    711707    301418          0          0          0     24349          0          0    108259 24750095 
   540918 53519155 43190956 32196100          0 19787122    313232  8431665  5747692    190701     15848  1985443  3921380    447981 19004511          0     62510    147697     24181  1609991  3512837    602557     23768          0    361360          0     26560    790529    202645  1122068    875251          0      8399          0    842349    432651     19283    598204    233080 75038858 
    71300 20000794 27940352 25875789     21435  4482369  8431665    386748 21691055    128746     29444  5273746    588549     64818  5048097          0     77936    332139    124678  3387540     51662    310321          0    310184     17710     11355          0     36580  1455148    887551    826714  1337384    154529          0          0          0     40592     44233     51156 66106863 
 4438545 77786025 77488817 53530466    725267 10478449  5747692 21691055  6249944  6658142  3961280  3990511  2181434    595127 33574362          0  2201493 27510150     65605    531925  6929129  6163520    136580    784017  7567577  2554436          0  1243858  2558632    109461  1490496     15358     65642          0    211400    180839    150545    122076     41509 50678712 
   394205 19305655 29488862 45417371     13185  8256669    190701    128746  6658142     52158 11603984  4689937  1418678     17355 39028682          0    100139  1909466  2298986  2675944     78626    467766      9240    135904      9715     25939          0    393838    378218    177055  2196431    273886          0          0    653190     55353     30029          0     46732 52265885 
17111494 49099950 47506855 40531317    400908 10455570     15848     29444  3961280 11603984    117866  8984136    126384  5159334 32552204          0  2216249 42728516  4745022     32750     41018  1398385    284200  3539817  2867899  1943020     74043  3976801    386085  1436528  2135577          0          0     14602  1067834     39594     47455    951819     45256 37876034 
   575526 90141501 53687478 63711063    927817 12588096  1985443  5273746  3990511  4689937  8984136 33117600  1646465  5773256 39043722    870662    554266 27229118    210782    630656  1005936  1265588          0          0    127013     93305      8175  1036830  1828074    384085  2482848          0    436230     60886          0     37731    276179     12792    910891 158174038 
 1515019          0     53293      9022          0    206818  3921380    588549  2181434  1418678    126384  1646465          0          0    487838          0    154754  2986435     13989    935039  1403087          0          0          0    349326    440848     19886          0          0          0          0     96890          0          0          0          0          0          0     22666 13703160 
   151678    294888          0 33400955          0          0    447981     64818    595127     17355  5159334  5773256          0          0    984657          0      8742  1591975    313417     28215          0          0     18259 17691419    138261    139146    142290          0          0          0          0     85526          0          0          0          0          0          0          0    311453 
32911026 15201532 35779106 20025214    233721  6925181 19004511  5048097 33574362 39028682 32552204 39043722    487838    984657  1121062          0 11294828 31545474  1761223 21518759  4593609    485619     26323  3527643  8057555 16665040  5404187    808713     97120          0          0  2787953    210665    446983     85979     37263      9044          0      8813 22646598 
         0          0          0          0     24919          0          0          0          0          0          0    870662          0          0          0          0          0          0          0          0          0          0          0          0          0          0          0          0          0          0          0          0          0          0          0          0          0          0          0  6813857 
    52242 10019039  5603040 13164673          0  2181801     62510     77936  2201493    100139  2216249    554266    154754      8742 11294828          0    261210    131833    109640    968918     15540    417697          0          0     17741      9969          0     32435    109209          0    949658     19887          0          0     46627          0          0          0    128861 24862775 
    42949 44839861 43405472 31563225          0 15634878    147697    332139 27510150  1909466 42728516 27229118  2986435  1591975 31545474          0    131833    211680  3475812  4012884    479037  2560798          0          0     58085    128975      8175    911630  1390048    100140  2282016  1170228    186150    174879    435617          0    162521    136189     27288 28977658 
     8821  5024127  5592892  6575870          0    747819     24181    124678     65605  2298986  4745022    210782     13989    313417  1761223          0    109640  3475812          0  5467135          0    764791          0          0    121342          0     23625          0     10151          0     17340          0    414324    162716          0          0     39649     23985          0  8002296 
   839234 27102871 41457074 19638363    304680 11465673  1609991  3387540    531925  2675944     32750    630656    935039     28215 21518759          0    968918  4012884  5467135    666646  2211499  1287055      8176          0  1582259  1745550     31032    299920    639831    547208  2266963          0          0     12496    100694      9283    138599    103062     73643 29051701 
   140992  4804714  9998894  7521176          0  2549025  3512837     51662  6929129     78626     41018  1005936  1403087          0  4593609          0     15540    479037          0  2211499     20790    344481    661127          0     42921     20084          0     28132     68932    875811    116425          0          0          0          0          0    182176          0      9497 10432727 
   440142          0          0     30058     65395    175797    602557    310321  6163520    467766  1398385  1265588          0          0    485619          0    417697  2560798    764791  1287055    344481          0  1005891          0    702403  1045853          0          0          0          0          0    119056          0          0          0          0          0          0          0  5604927 
    11836  3475308  2444252  3336089          0  2105656     23768          0    136580      9240    284200          0          0     18259     26323          0          0          0          0      8176    661127  1005891          0          0          0          0          0          0          0    112630          0          0          0          0          0          0          0          0          0  6249047 
         0  1396794 18873217  1976904          0  1695970          0    310184    784017    135904  3539817          0          0 17691419  3527643          0          0          0          0          0          0          0          0          0          0          0          0          0          0     41254     14853          0  3747986          0          0          0          0          0          0    106756 
    47521 11431489  8320004  6772636          0  6701015    361360     17710  7567577      9715  2867899    127013    349326    138261  8057555          0     17741     58085    121342  1582259     42921    702403          0          0          0      8940          0    525194    550495     10513    142296          0          0          0     56298    146584     20052          0     78085  8902115 
    97037 17066130 12446674  9505214          0    491300          0     11355  2554436     25939  1943020     93305    440848    139146 16665040          0      9969    128975          0  1745550     20084  1045853          0          0      8940          0          0    247673     85761    107834  1732665     60188          0          0     28331          0          0     24880     12980 12478669 
         0  3998688  5977250    768022          0    807175     26560          0          0          0     74043      8175     19886    142290  5404187          0          0      8175     23625     31032          0          0          0          0          0          0     16210     16887          0          0    128113          0     48006          0          0          0      8842     41970     11586  3139656 
   583926     12514     15539          0          0    548274    790529     36580  1243858    393838  3976801  1036830          0          0    808713          0     32435    911630          0    299920     28132          0          0          0    525194    247673     16887          0          0          0          0     19115          0          0          0          0          0          0     16887    560415 
   417041     92273          0          0     10739          0    202645  1455148  2558632    378218    386085  1828074          0          0     97120          0    109209  1390048     10151    639831     68932          0          0          0    550495     85761          0          0          0          0          0    318696          0          0          0          0          0          0          0  1014808 
 1011992    167162    654957          0          0          0  1122068    887551    109461    177055  1436528    384085          0          0          0          0          0    100140          0    547208    875811          0    112630     41254     10513    107834          0          0          0          0          0          0          0          0          0          0          0          0          0    750305 
 1276426    151551  1280029    460588     68480    711707    875251    826714  1490496  2196431  2135577  2482848          0          0          0          0    949658  2282016     17340  2266963    116425          0          0     14853    142296  1732665    128113          0          0          0          0     45110          0          0          0          0          0          0          0    553503 
         0  6353198  1630123    949183          0    301418          0  1337384     15358    273886          0          0     96890     85526  2787953          0     19887  1170228          0          0          0    119056          0          0          0     60188          0     19115    318696          0     45110    136004     30777          0          0          0          0          0     26396  1277672 
         0  5302708          0          0          0          0      8399    154529     65642          0          0    436230          0          0    210665          0          0    186150    414324          0          0          0          0  3747986          0          0     48006          0          0          0          0     30777          0          0          0          0          0          0          0          0 
     8362    554544    384233    419388          0          0          0          0          0          0     14602     60886          0          0    446983          0          0    174879    162716     12496          0          0          0          0          0          0          0          0          0          0          0          0          0    310308          0          0     23938          0          0  2037903 
    31051          0          0          0          0          0    842349          0    211400    653190  1067834          0          0          0     85979          0     46627    435617          0    100694          0          0          0          0     56298     28331          0          0          0          0          0          0          0          0          0          0          0          0          0    117148 
         0     95333      9011     70622          0     24349    432651          0    180839     55353     39594     37731          0          0     37263          0          0          0          0      9283          0          0          0          0    146584          0          0          0          0          0          0          0          0          0          0          0          0          0          0  1313939 
   120843    151514     75167    199498          0          0     19283     40592    150545     30029     47455    276179          0          0      9044          0          0    162521     39649    138599    182176          0          0          0     20052          0      8842          0          0          0          0          0          0     23938          0          0          0          0          0  1650852 
    37164          0     23985     14415          0          0    598204     44233    122076          0    951819     12792          0          0          0          0          0    136189     23985    103062          0          0          0          0          0     24880     41970          0          0          0          0          0          0          0          0          0          0          0          0     92156 
    93851    605443    612087    237956          0    108259    233080     51156     41509     46732     45256    910891     22666          0      8813          0    128861     27288          0     73643      9497          0          0          0     78085     12980     11586     16887          0          0          0     26396          0          0          0          0          0          0          0    284110 
115037479 208400414 212316477 207953780 22785517 24750095 75038858 66106863 50678712 52265885 37876034 158174038 13703160    311453 22646598  6813857 24862775 28977658  8002296 29051701 10432727  5604927  6249047    106756  8902115 12478669  3139656    560415  1014808    750305    553503  1277672          0  2037903    117148  1313939  1650852     92156    284110          0 
