n = 41
      0  869775    1848  154187  164560      75   16074       0  150976  180162       0  173240     347   91805   88657     697       0     834    3503    1284       0  138218     173       0     690    3072    8587    1141     998       0       0       0      91     106       0       0    1098       0     294       0 1404906 
 869775       0  962604   32368       0  677412 1340478       0 1039738  554445    1556  289892  164755  920591    8542  386962   63938  218124  532054   15541       0   75856   51994       0   25476  102294       0   60003   29836    1801       0       0    2367    9242       0     742     273       0     748       0 3015399 
   1848  962604       0  614574  249651   22441   44126    7630    1626  170172    8367  418368  115901    8206  185725   35598       0     530    4973    3829     229   56827   12881       0   77783   17390   16065    1300       0       0    8103    2674       0       0       0     676      68    1129     548     126 1282192 
 154187   32368  614574       0       0  478596  236054       0  575624  279991    8078  404729  337366  538459    6633  180006    4588  163587  231184   36001       0   19954   95374       0   88545  122682       0   48770   21829   12428       0    2574    4398    6878       0    7296       0   10213    3627       0 1020823 
 164560       0  249651       0       0     152   40677       0   36227   44741       0       0       0       0       0   17206       0       0    1133       0       0       0       0       0       0       0       0       0    2370       0       0       0       0       0       0       0       0       0       0       0  556919 
     75  677412   22441  478596     152       0  343711       0  640948  236623       0  797186   23397  385170  140433   98870   10789     375     549    4304   31074  243338      86       0    2574    8827   15794   17847       0       0   12792       0       0     309    2773       0    5714    8949    1311       0 1176249 
  16074 1340478   44126  236054   40677  343711       0       0  326237  282207   18858  535112   50295  146686  233904   27920       0       0   15742   46529       0  132407   10144       0    6297     686   34874    5437     723       0       0       0     220       0       0     595    1708       0     250       0 2316055 
      0       0    7630       0       0       0       0       0       0       0       0       0       0       0       0       0       0       0       0       0       0       0       0       0       0       0       0       0    5590      75       0       0       0       0       0       0       0       0       0       0  374481 
 150976 1039738    1626  575624   36227  640948  326237       0       0  287249   15182  449398     461   46559  837357  148194       0   19301    2934    5084     413   80678   27969       0     668   76710    5754    8103    2369   10104     342       0     148    1807       0    1140       0    2815     454     126  833565 
 180162  554445  170172  279991   44741  236623  282207       0  287249       0  420181  168179   88943  410254  380781   84450  102519   91588   44747    1012    2373   14241   20913       0   40519   39885    2196   15296   34936    1836       0     169       0    1512       0    1621       0       0     306       0  501157 
      0    1556    8367    8078       0       0   18858       0   15182  420181       0  115451       0    6383    5440    2664     865       0       0       0     393    6243       0       0       0       0     349       0       0       0       0       0       0       0       0       0       0       0     526       0  234868 
 173240  289892  418368  404729       0  797186  535112       0  449398  168179  115451       0   44903  406513  458816  231701   32680  165824  197670       0       0   29141  110389       0   68683   86583   37314   30928     406       0       0       0     721    3807       0    5281       0       0       0       0  431745 
    347  164755  115901  337366       0   23397   50295       0     461   88943       0   44903       0  210783  283709     506   16071       0   74898    3618    1705   66440      78       0       0       0    3212   13297       0      75    2052       0       0       0       0     133       0       0       0       0  745531 
  91805  920591    8206  538459       0  385170  146686       0   46559  410254    6383  406513  210783       0  366646  103622     738   49905   59709    2463   12327  240820   51006       0   46758   84354   73518    3492       0    1232    7606       0     564     640    2519    2789    1871       0     741       0  666387 
  88657    8542  185725    6633       0  140433  233904       0  837357  380781    5440  458816  283709  366646       0  364746    2256   81827  253377   19431       0    7238   86439   13318   47735   48902     617   30839   37198    4273       0     100    1423    3681       0    2695    5131    1551     862       0  198574 
    697  386962   35598  180006   17206   98870   27920       0  148194   84450    2664  231701     506  103622  364746       0    4793       0      98    1762    1763   97250     323       0     353      98   11975  121748       0       0    3648       0       0       0    3648    1041       0       0     271       0  592793 
      0   63938       0    4588       0   10789       0       0       0  102519     865   32680   16071     738    2256    4793       0      96       0       0       0    1298       0       0       0       0       0       0       0       0       0       0       0       0       0       0       0       0       0       0  119165 
    834  218124     530  163587       0     375       0       0   19301   91588       0  165824       0   49905   81827       0      96       0       0     267    1825   51427       0       0     676       0    5554       0      70       0       0       0       0       0       0       0       0       0       0       0  117214 
   3503  532054    4973  231184    1133     549   15742       0    2934   44747       0  197670   74898   59709  253377      98       0       0       0    3341   47911   69179    1104       0   42174    3171   21047    1260       0       0    3199       0       0       0     528     102       0       0       0       0  374789 
   1284   15541    3829   36001       0    4304   46529       0    5084    1012       0       0    3618    2463   19431    1762       0     267    3341       0       0    2124       0       0     687    1124       0    1667       0       0       0       0     140       0       0     439       0       0       0       0   35901 
      0       0     229       0       0   31074       0       0     413    2373     393       0    1705   12327       0    1763       0    1825   47911       0       0       0     295       0     138      70       0       0       0       0       0       0       0       0       0     142       0       0       0       0   15368 
 138218   75856   56827   19954       0  243338  132407       0   80678   14241    6243   29141   66440  240820    7238   97250    1298   51427   69179    2124       0       0   36028       0   17711   67769       0   22427    6907     137       0       0       0     624     856     747       0       0       0       0  306313 
    173   51994   12881   95374       0      86   10144       0   27969   20913       0  110389      78   51006   86439     323       0       0    1104       0     295   36028       0       0      82     678     533       0       0       0       0       0       0       0       0       0     310       0       0       0  213537 
      0       0       0       0       0       0       0       0       0       0       0       0       0       0   13318       0       0       0       0       0       0       0       0       0       0       0       0       0       0       0       0       0       0       0       0       0       0       0       0       0   13318 
    690   25476   77783   88545       0    2574    6297       0     668   40519       0   68683       0   46758   47735     353       0     676   42174     687     138   17711      82       0       0      84     849     134    3774       0       0       0     128     193    1018       0       0       0     195       0   88212 
   3072  102294   17390  122682       0    8827     686       0   76710   39885       0   86583       0   84354   48902      98       0       0    3171    1124      70   67769     678       0      84       0    8524    1793       0       0       0       0       0       0    1528     577       0       0       0       0   97273 
   8587       0   16065       0       0   15794   34874       0    5754    2196     349   37314    3212   73518     617   11975       0    5554   21047       0       0       0     533       0     849    8524       0    4436       0       0       0       0       0      71       0       0       0       0       0       0     635 
   1141   60003    1300   48770       0   17847    5437       0    8103   15296       0   30928   13297    3492   30839  121748       0       0    1260    1667       0   22427       0       0     134    1793    4436       0       0       0    3778       0     112     197     170    1416       0       0       0       0   63111 
    998   29836       0   21829    2370       0     723    5590    2369   34936       0     406       0       0   37198       0       0      70       0       0       0    6907       0       0    3774       0       0       0       0       0       0       0       0       0       0       0       0       0       0       0   68130 
      0    1801       0   12428       0       0       0      75   10104    1836       0       0      75    1232    4273       0       0       0       0       0       0     137       0       0       0       0       0       0       0       0       0       0       0       0       0       0       0       0       0       0     799 
      0       0    8103       0       0   12792       0       0     342       0       0       0    2052    7606       0    3648       0       0    3199       0       0       0       0       0       0       0       0    3778       0       0       0       0       0       0       0       0       0       0       0       0       0 
      0       0    2674    2574       0       0       0       0       0     169       0       0       0       0     100       0       0       0       0       0       0       0       0       0       0       0       0       0       0       0       0       0       0       0       0       0       0       0       0       0     169 
     91    2367       0    4398       0       0     220       0     148       0       0     721       0     564    1423       0       0       0       0     140       0       0       0       0     128       0       0     112       0       0       0       0       0       0       0       0       0       0     351       0    5375 
    106    9242       0    6878       0     309       0       0    1807    1512       0    3807       0     640    3681       0       0       0       0       0       0     624       0       0     193       0      71     197       0       0       0       0       0       0       0       0       0       0       0       0   10633 
      0       0       0       0       0    2773       0       0       0       0       0       0       0    2519       0    3648       0       0     528       0       0     856       0       0    1018    1528       0     170       0       0       0       0       0       0       0       0       0       0       0       0    1782 
      0     742     676    7296       0       0     595       0    1140    1621       0    5281     133    2789    2695    1041       0       0     102     439     142     747       0       0       0     577       0    1416       0       0       0       0       0       0       0       0       0       0     393       0   11173 
   1098     273      68       0       0    5714    1708       0       0       0       0       0       0    1871    5131       0       0       0       0       0       0       0     310       0       0       0       0       0       0       0       0       0       0       0       0       0       0       0       0       0    1193 
      0       0    1129   10213       0    8949       0       0    2815       0       0       0       0       0    1551       0       0       0       0       0       0       0       0       0       0       0       0       0       0       0       0       0       0       0       0       0       0       0       0       0    1129 
    294     748     548    3627       0    1311     250       0     454     306     526       0       0     741     862     271       0       0       0       0       0       0       0       0     195       0       0       0       0       0       0       0     351       0       0     393       0       0       0       0     209 
      0       0     126       0       0       0       0       0     126       0       0       0       0       0       0       0       0       0       0       0       0       0       0       0       0       0       0       0       0       0       0       0       0       0       0       0       0       0       0       0       0 
1404906 3015399 1282192 1020823  556919 1176249 2316055  374481  833565  501157  234868  431745  745531  666387  198574  592793  119165  117214  374789   35901   15368  306313  213537   13318   88212   97273     635   63111   68130     799       0     169    5375   10633    1782   11173    1193    1129     209       0       0 
