0.053328
0.0050931
0.00552011
0.00517797
0.00520515
0.00791097
0.00537205
0.00584197
0.00516081
0.00529909
0.00532293
0.00857496
0.00514412
0.00871587
0.0099721
0.00755191
0.00757217
0.0077939
0.00995898
0.00521708
0.009413
0.00858688
0.00711298
0.00549698
0.00906301
0.00858712
0.00861192
0.00708604
0.00583315
0.009938
0.007864
0.0079298
0.00708818
0.00768209
0.00782514
0.00803304
0.00710011
0.010155
0.010097
0.00514603
0.0107551
0.00519109
0.0107551
0.00803304
0.00717688
0.00710297
0.00752902
0.00755405
0.00775313
0.0109189
0.0108759
0.00764394
0.0104871
0.00968814
0.0078609
0.00802493
0.011097
0.00747013
0.010478
0.00517917
0.0100241
0.0100241
0.00825191
0.007061
0.0072999
0.00725985
0.00756884
0.00533819
0.00523591
0.00520611
0.00518894
0.00517917
0.00893807
0.005054
0.00961995
0.010663
0.0106568
0.0106409
0.00778484
0.00763607
0.00793719
0.00635195
0.096782
0.0947928
0.09361
0.095871
0.0985401
0.0973649
0.0982561
0.093652
0.0978601
0.0976732
0.084439
0.0843811
0.0798061
0.0847368
0.0840979
0.0838001
0.07969
0.084198
3.4876
0.51287
0.517889
0.949328
4.48743
1.03114
0.873794
0.446053
0.853214
0.860013
0.867905
7.08961
4.83289
7.00666
0.592188
0.204154
0.20918
0.203896
0.204854
3.64815
2.57894
0.298355
0.298272
0.29808
3.17221
4.08057
4.81003
0.885683
4.08082
1.93202
1.64894
4.55007
0.124891
0.129717
0.129014
0.127692
0.124503
0.12398
1.74487
0.414027
0.354757
0.358416
0.233787
0.233906
0.230168
0.234413
0.238061
0.613385
0.614583
6.15828
4.22543
2.82633
10.953
0.011776
0.0171471
0.017802
0.0145149
0.015017
0.0116429
0.0118868
0.0117071
0.0119228
0.0116088
0.0119448
0.0140769
0.0175271
0.0172009
0.0138569
0.0174351
0.016865
0.01178
0.012037
0.011709
0.0119681
0.016319
0.0159419
2.75211
1.29309
10.9956
0.48892
0.490042
5.55927
1.61013
4.96754
3.77097
0.364251
2.25388
1.21877
4.44213
12.0162
4.6223
1.3303
1.63198
2.61092
1.48867
0.453825
0.453821
0.455741
9.37227
2.58114
0.729974
0.484767
0.481959
0.622851
0.618671
0.38711
0.388375
0.142963
0.145609
0.144161
0.144976
0.13989
0.14056
0.140496
0.0132921
0.0134099
0.0181019
0.0190911
0.020071
0.0189171
0.0131152
0.0135529
0.0181181
0.0175989
0.0135751
0.0131431
0.0133059
0.0191259
0.01738
0.013572
0.0163341
0.0166869
0.0161879
0.013706
0.0134511
0.0172298
0.01302
0.017813
0.0169709
0.019244
0.0131521
0.0163209
0.019593
0.018975
0.013433
0.0159762
0.0185921
0.0193861
0.0135369
0.0157762
0.0132849
0.0160651
0.0159791
0.019362
0.0185881
0.01318
0.0133419
0.0188169
0.01688
0.323508
0.318846
0.32335
0.327179
0.160358
0.160239
0.154051
0.159115
0.154912
0.14443
0.143666
0.142394
0.147819
0.146139
0.146385
0.03932
0.0444221
0.039628
0.04181
0.0455129
0.04301
0.04478
0.042232
0.0436778
0.042727
0.043509
0.0430639
0.043972
0.04197
0.043484
0.043309
0.0431719
0.042882
0.0448401
0.0390801
0.0390289
0.565654
0.567152
0.505818
0.506372
0.634196
0.164112
0.166347
0.011466
0.0156898
0.016839
0.016746
0.0154879
0.0113032
0.013978
0.0173249
0.0114179
0.0116439
0.0113671
0.016341
0.01544
0.0113831
0.0114489
0.0114741
0.0136781
0.016715
0.0112622
0.0117221
0.0114729
0.0173612
0.016259
0.0151448
0.0177481
0.0173731
0.0112641
0.011353
0.0173891
0.0115728
0.0136299
0.014421
0.0115731
0.0161831
0.0157061
0.0148029
0.0145121
0.016871
0.015363
0.0147498
0.015321
0.011992
0.011379
0.0143981
0.0161309
0.0113969
0.0161719
0.0553792
0.0560081
0.055687
0.0530672
0.0528691
0.052772
0.0567079
0.0573542
0.056947
0.05828
0.0555379
0.0571229
0.0524521
0.0581789
0.0576279
0.055284
0.0559578
0.125368
0.131091
0.129934
0.124972
0.124723
0.129343
0.124821
0.130524
0.0662479
0.0707929
0.0708802
0.071013
0.071002
0.0712831
0.0707438
0.069936
0.0667539
0.0686791
0.065882
0.0707819
0.0687301
0.0358739
0.0350959
0.0341079
0.0354481
0.0361121
0.034657
0.0306749
0.032135
0.0359662
0.035655
0.0330579
0.03284
0.035455
0.0186698
0.0186012
0.0181372
0.019062
0.021522
0.0199959
0.01911
0.0191901
0.021805
0.0192912
0.0159249
0.0161312
0.0159569
0.02092
0.0164058
0.0208931
0.0193422
0.016192
0.0216079
0.0187681
0.0813601
0.0821519
0.0810089
0.0804601
0.0806959
0.0801289
0.0802791
0.079772
0.0812891
0.0805459
0.0799239
0.078393
0.0178931
0.0206439
0.0152831
0.020869
0.017462
0.0195291
0.015183
0.0174501
0.01773
0.020838
0.0197341
0.019269
0.0179288
0.0192211
0.021266
0.0149741
0.0195839
0.0206881
0.0203869
0.01985
0.014931
0.01701
0.0177779
0.020226
0.01806
0.0202441
0.0217781
0.0174348
0.0212419
0.0177441
0.015671
0.0168309
0.0187979
0.0187349
0.0154219
0.0151219
0.0152671
0.0172241
0.0213649
0.0194621
0.01566
0.021138
0.019897
0.0757179
0.0741229
0.0750501
0.0753999
0.0756938
0.0753651
0.077045
0.0765769
0.072686
0.0739388
0.074851
0.0763381
0.072161
0.00530195
0.00580812
0.00555301
0.005548
0.00535011
0.008183
0.00760293
0.00761604
0.0058291
0.00562596
0.00777888
0.005337
0.177291
0.18021
0.177318
0.176475
0.177246
0.133914
0.132703
0.131997
0.132369
0.13205
0.131728
0.132303
0.060571
0.0648241
0.0666699
0.0610061
0.065362
0.066632
0.066129
0.063653
0.0612841
0.0612218
0.0606079
0.062778
0.066812
0.0652292
0.0614181
0.0270908
0.026849
0.027338
0.0291631
0.0266418
0.0304251
0.031424
0.029742
0.031683
0.0285528
0.0266471
0.0293109
0.0291431
0.0283439
0.0318239
0.030674
0.03175
0.03037
0.0315931
0.028496
0.028933
0.0323899
0.029253
0.0316
0.031163
0.0319588
0.0311089
0.0316288
0.0270789
0.154287
0.154373
0.153872
0.154781
0.153931
0.154101
0.160337
0.961622
0.214472
0.210176
0.213623
0.214917
0.213688
0.355494
0.354586
0.3577
0.260137
0.262561
0.262416
0.086827
0.0850551
0.0866871
0.08535
0.0831339
0.085849
0.085501
0.085886
0.084578
0.0861659
0.0809889
0.249933
0.248055
0.25349
0.252919
0.0613689
0.0612171
0.0647409
0.0665441
0.0609732
0.0639589
0.0663259
0.0628328
0.065177
0.065155
4.34447
20.2696
9.96418
3.45711
6.88441
3.04511
2.52333
14.5141
0.268287
8.59211
10.0645
14.0187
5.21626
5.77298
24.4056
13.8945
6.39697
5.99173
13.226
3.61598
2.34322
17.5374
3.39432
12.1407
4.92353
2.53885
3.74816
4.02917
4.90697
1.12561
0.581884
0.581806
19.9416
0.604421
0.60249
4.13223
3.05563
4.12014
11.5826
3.2659
3.92353
6.02477
7.43441
21.3393
8.15152
0.974454
1.50115
7.00257
3.28566
5.5715
6.06345
9.02951
1.65207
5.80532
0.456661
0.454749
0.38185
0.379462
13.1846
4.18333
6.85542
2.4821
21.5944
0.431713
0.43058
8.3607
3.4293
10.6346
14.0102
27.8598
1.75672
0.153947
0.153195
0.152507
0.152456
0.153452
1.84905
5.55474
6.38132
7.54235
1.05173
0.654616
1.07771
2.8788
1.35515
16.6309
9.7392
3.14664
7.43562
2.06676
2.00496
2.57286
28.3877
5.49176
5.02942
6.30731
0.510148
0.510832
14.8993
7.66871
20.5667
4.35275
4.68258
23.2823
1.19958
4.42765
3.35066
7.43412
24.0777
5.8964
1.21191
0.195914
0.189058
0.194734
35.5624
9.18006
33.409
2.7828
1.02543
1.36502
23.2975
0.522013
28.2441
20.7373
1.47359
15.1924
17.1393
7.52346
7.6165
0.975404
6.50773
4.5183
20.6166
5.05043
0.631994
0.0795932
0.079004
0.0791888
0.0840352
0.0837498
0.0834649
0.0791411
5.10294
0.232348
0.238238
0.231928
0.236603
4.63398
7.54317
2.91579
9.6921
6.21759
17.6211
2.71557
7.19257
4.67599
7.24664
6.04376
4.00627
0.259315
0.260158
4.39549
3.60276
0.410516
0.41572
9.5849
6.826
9.59873
4.73063
13.8146
9.67824
4.18536
3.91137
8.79643
4.4372
25.3457
8.69341
2.33704
10.1797
1.83733
5.13416
2.83544
9.73771
4.34592
8.22192
4.32988
6.22979
12.3804
4.38585
8.5507
8.39036
5.01081
2.19342
9.99759
23.1441
2.79943
8.78697
10.4326
1.38339
1.13455
3.16698
7.34677
0.0876839
0.090486
0.0850508
0.0892859
0.0912271
0.0888431
0.0911779
0.0895629
0.0894759
0.0883212
1.63383
6.12763
5.45397
19.1806
4.60749
4.70863
1.90034
3.80927
44.1025
3.46894
4.08791
2.25753
4.59805
3.97126
3.84388
4.18159
0.690441
0.688962
16.8184
2.5214
2.49189
2.38561
2.39806
5.06073
4.09324
2.29205
0.0771029
0.0743918
0.0725908
0.072495
0.072315
0.0737619
0.0769501
0.333348
0.332285
0.334124
5.26639
5.38834
1.09135
1.99542
13.5926
3.21603
0.342795
0.344021
0.453849
0.453651
2.7936
9.34835
7.91339
6.75912
1.11741
0.711729
0.711759
0.200195
0.202844
7.7881
0.793141
4.34559
4.11874
5.85928
10.9672
0.548327
4.02076
22.383
0.278935
1.06982
6.35674
0.969516
8.10812
28.6424
1.64316
0.327356
14.0611
3.80226
1.96585
12.5411
9.84195
0.421478
0.420442
1.88622
0.0490389
0.047456
0.048496
0.049304
0.0443211
0.0488369
0.0543141
0.050072
2.17882
21.1268
11.2505
2.39119
10.8844
1.86757
6.13952
3.36962
10.3511
36.7162
22.3168
10.1236
6.65361
13.4995
7.70836
7.82379
53.323
13.295
0.613488
10.0905
7.59201
27.2593
19.4453
20.3296
6.55736
3.29948
4.59884
12.3453
13.4401
32.358
22.9149
4.18134
21.736
8.61802
1.06665
7.54913
10.1893
6.03752
10.2534
0.441232
0.442101
26.7069
4.98958
7.16241
9.70943
30.2003
6.36257
0.46694
0.472943
33.8517
24.698
10.0249
29.8005
53.8064
6.05727
5.73739
1.1052
2.06137
2.81662
15.106
2.82319
13.265
9.33942
5.15885
12.6093
6.16488
1.49665
3.90329
7.19479
1.85272
10.8275
18.7356
5.20993
5.9493
0.827962
0.82923
4.43461
1.12327
12.4411
1.46494
18.3041
0.52075
12.3347
4.97189
23.505
35.2907
2.17092
2.69623
15.0165
12.173
11.5649
11.8028
11.5713
25.2125
13.8036
3.7052
1.87843
5.69546
37.1007
16.8088
3.2573
4.23626
16.1194
2.29203
16.9122
2.08077
9.56196
5.1614
32.6989
4.3762
8.03402
6.32208
4.94446
2.45477
7.38174
5.72752
1.47907
5.03293
14.1579
50.9218
22.2486
3.04243
15.3422
16.8312
9.82609
11.5702
24.6173
10.4954
15.6867
10.2438
26.0183
9.06973
51.8867
25.8454
34.3424
16.2847
8.88525
1.78643
11.8695
8.89309
1.67517
95.4144
24.7149
21.9147
27.4052
2.72294
14.4849
3.01016
6.92976
12.8542
30.0067
11.3162
0.77935
0.780995
5.99933
2.22334
0.487437
2.7227
9.68916
8.94631
1.19166
9.50761
12.0858
2.98567
9.91153
2.19576
1.78195
0.913726
15.3432
8.61632
14.7991
17.336
37.3739
10.0184
6.3227
13.5008
8.19498
19.0904
4.8582
34.0196
18.8206
21.6766
50.9392
14.7641
12.761
25.0374
28.0273
21.5531
3.5656
20.2783
11.0083
1.74475
49.0293
5.10724
9.1006
10.9036
3.19458
5.0441
55.5836
5.03202
35.0418
31.8813
2.8225
36.8587
10.1029
13.4408
56.4223
2.15365
19.6299
43.4978
17.4569
47.5042
31.4093
15.8894
1.2185
40.9298
81.2343
2.26321
65.8544
17.6819
65.6533
1.23281
69.1473
63.8818
12.8426
16.4721
109.44
2.93939
5.44972
21.1929
113.648
15.7594
1.71617
21.9429
61.5211
10.6495
19.4012
45.3855
18.8575
22.0193
11.246
64.6738
6.34003
34.2454
104.212
24.4554
41.0819
84.477
81.325
37.0213
35.435
8.09395
67.2798
5.32808
84.315
17.8005
59.4498
41.7987
27.1598
17.5919
40.7511
14.3641
35.3977
1.81627
97.8704
97.6759
80.1574
27.8948
15.8456
102.373
3.09843
10.1845
0.156393
0.152774
0.152737
17.6969
39.5057
34.8712
44.6039
21.8902
45.9943
7.77865
6.33062
14.6874
27.8013
53.2401
34.8977
13.6515
25.6632
26.3672
93.0769
24.0706
37.4324
13.6187
4.07654
49.4727
38.0697
5.61551
33.2638
25.1836
1.65626
0.296637
0.297774
0.731688
0.730294
0.468541
0.069169
0.0689402
0.0740261
0.07511
0.0693731
0.0693741
0.069253
0.0695231
0.0741999
0.0695298
0.0695779
0.56618
0.571312
0.927532
0.167632
0.165675
0.162181
0.164644
0.159497
0.164472
1.30465
1.32655
0.352718
0.729244
0.731653
0.207721
0.208026
0.207094
0.0342851
0.0393569
0.0334849
0.0392289
0.033577
0.035954
0.0431349
0.0374119
0.0338831
0.033458
0.033597
0.033828
0.0383332
0.0391479
0.0388911
0.0375762
0.037245
0.03332
0.0385749
0.039139
0.13269
0.132226
0.131297
0.132722
0.130611
0.129591
0.131918
0.131143
1.09005
0.0695181
0.0730419
0.0738509
0.0757141
0.075016
0.0745988
0.0728281
0.07493
0.075258
0.073534
0.0696781
1.58994
0.507163
0.731651
0.734521
0.153018
0.152884
0.153954
1.33878
0.26542
0.26842
0.268172
0.0764511
0.07129
0.076911
0.076324
0.0753732
0.075702
0.075278
0.076144
0.07581
0.0759959
0.05867
0.0581992
0.0527
0.058497
0.0585539
0.93727
0.166483
0.166222
0.164687
0.16702
0.164141
0.764496
0.762435
0.205862
0.203077
0.388011
0.38178
0.3883
1.5713
0.816306
0.052429
0.0568781
0.056313
0.0578551
0.0570159
0.0579228
0.929425
0.929532
0.235954
0.231388
0.231723
0.234555
0.232438
0.599147
0.61045
0.143429
0.143
0.142642
0.145203
0.147799
0.142515
0.148174
0.147642
0.147483
0.147361
0.148112
0.148264
1.01556
0.249183
0.24793
0.25065
0.253004
0.824981
0.830268
1.34359
0.763706
0.769235
0.313089
0.316869
0.0728021
0.072598
0.077384
0.0775681
0.075572
0.0728419
0.076566
0.0778179
0.072973
1.7676
0.339792
0.0850351
0.0906141
0.0895691
0.0897009
0.0901501
0.0887749
0.09041
0.089344
0.090333
0.0896859
0.513702
0.508939
1.52704
0.686262
0.106144
0.101418
0.101089
0.100792
0.105963
0.105563
0.101052
0.643351
0.642055
0.12614
0.120187
0.125186
0.126355
0.120581
0.610332
0.60793
1.055
0.590053
0.584707
0.137392
0.132238
0.0299501
0.0319688
0.034698
0.034965
0.031873
0.0343308
0.03615
0.153006
0.148644
0.1483
0.153071
0.153386
0.152378
0.148874
0.043468
0.0456991
0.0453138
0.044034
0.0455101
0.0423849
0.0404031
0.045861
0.04515
0.045682
0.0454638
0.0456469
0.0447371
0.0461471
0.045085
0.0452318
0.0449941
0.0454769
0.0406761
0.749796
0.747054
1.02784
1.22257
0.331002
0.212185
0.211949
0.212094
0.212956
0.909804
0.918097
0.0571821
0.0565529
0.0570869
0.344133
0.337475
0.338905
0.0370941
0.039046
0.042356
0.0428748
0.0378699
0.0403821
0.0429058
0.0372689
0.041868
0.0415308
0.041939
0.0412149
0.0420918
0.043093
0.037636
0.040184
0.0431631
0.043339
0.0431862
0.042866
0.0439489
1.14861
0.0450718
0.050384
0.0481629
0.050117
0.0492489
0.050796
0.0493431
0.0495238
0.0512979
0.05041
0.0497959
0.0492699
0.0503271
0.0493228
0.0499661
0.0518532
1.103
0.482957
0.488377
0.131692
0.132301
0.13243
0.132237
0.131229
0.131133
0.132276
0.460081
0.462254
0.377823
0.835173
0.554715
0.548744
0.53009
0.536277
0.278606
0.27922
0.274521
0.310331
0.310955
0.304537
0.445054
0.442196
0.251531
0.248538
0.246767
0.251264
0.77232
0.767618
0.829782
0.733577
0.0258
0.02563
0.025799
0.0231159
0.0264988
0.0237911
0.0264909
0.026737
0.0211301
0.020752
0.0262461
0.026933
0.0231929
0.0270061
0.026618
0.02108
0.0223551
0.026001
0.0269172
0.0248549
0.025773
0.0266399
0.023665
0.026588
0.02495
0.0262179
0.0232501
0.617801
0.617255
0.770171
0.0280519
0.027935
0.0331089
0.033699
0.0301201
0.0293899
0.033591
0.0298421
0.0328372
0.031172
0.033046
0.0332949
0.028362
0.0312111
0.0276968
0.0324569
0.0312798
0.03444
0.0320079
0.0312428
0.0280809
0.0314212
0.0328631
0.033278
0.0316021
0.0316961
0.0323579
0.0296791
0.968949
0.970853
1.13481
1.55864
0.324769
0.058491
0.063518
0.0631499
0.0629568
0.0639908
0.061136
0.0627949
0.0632269
0.063509
0.062957
0.0637259
0.061795
0.0617881
0.0630338
0.058265
0.81314
0.804924
0.474941
1.07323
3.2987
0.979233
0.73125
2.74673
0.281252
1.97174
1.15815
1.9155
0.65062
0.654799
1.1822
0.294742
1.54316
2.18436
0.439978
1.74573
0.846318
0.843461
2.64236
4.41483
0.852618
0.34619
0.345945
0.140979
0.142354
0.141765
0.141953
0.141004
0.361226
0.355762
0.360838
7.5227
1.16476
0.484955
0.717001
0.0455792
0.049422
0.050245
0.0511541
0.049804
0.050734
0.049042
0.049933
0.0489318
0.0501671
0.0505831
0.0484009
0.0451329
0.048022
0.049365
0.045464
0.049515
0.050957
7.71553
1.16275
1.00986
0.762396
0.542311
1.56937
0.69022
0.402738
0.404621
2.08328
1.46701
3.74446
0.77346
2.22561
0.396787
1.58262
3.04122
0.0184472
0.0184519
0.023596
0.0231922
0.0210199
0.0206559
0.0222499
0.023623
0.0182769
0.018295
0.0243618
0.023474
0.0183821
0.0225601
0.499534
0.494247
1.15442
0.357812
0.357391
0.35851
2.01277
0.666423
0.665334
3.44916
0.278799
0.277718
0.660989
0.877565
0.638224
0.638852
1.02909
1.62321
0.0138071
0.0175231
0.01862
0.01864
0.018899
0.018311
0.017777
0.017004
0.01367
0.0139701
0.013716
0.013746
0.0137811
0.0138221
0.013612
0.0170128
0.018307
0.0174789
0.01686
0.0195739
0.016721
0.0136662
0.019871
0.0140481
0.0187001
0.0169649
0.0162508
0.016201
0.013701
0.0161619
0.0192761
0.0191929
0.0187349
0.0184581
0.019274
0.018667
0.0190759
0.017863
0.019804
0.016897
0.0201149
1.79033
4.63896
7.1426
0.141694
0.139469
0.138218
1.58006
5.67751
3.6769
1.43966
3.36054
0.153368
0.150912
0.572188
0.571296
0.0550001
0.053057
0.0537169
0.0576341
0.0544169
0.0523961
0.054256
0.0545309
0.053587
0.054497
0.0533941
0.053628
0.052511
1.01236
1.35263
0.321507
0.317477
0.170727
0.173741
0.174565
0.169864
0.175861
0.174507
0.529322
0.529317
1.31487
1.86526
1.26275
0.06197
0.0648148
0.0615349
0.0664499
0.0673199
0.0669141
1.48833
1.38744
0.719974
0.969892
7.61873
0.591755
0.596
4.13949
2.75421
4.17329
17.8686
4.99101
2.0552
9.10661
4.01178
15.1371
6.01189
5.17974
5.33488
5.0419
3.32156
0.476971
4.75869
14.1823
3.06363
5.07015
15.1259
1.18438
20.5513
4.58346
0.109337
0.114533
0.114252
0.0390639
0.03929
0.0392151
0.044311
0.0428178
0.043153
0.042943
0.0432069
0.042753
0.0437131
0.0415132
0.044163
0.043493
0.043035
0.0439999
0.0438571
0.043119
0.0390079
0.04423
0.0441051
0.0431821
0.0447528
3.27719
3.27134
4.13638
2.16185
1.70978
6.96546
2.49545
1.29909
8.49146
3.37334
8.19399
4.00009
7.8715
7.69969
4.26068
17.682
2.40107
5.86128
0.379626
0.379089
2.05658
1.80461
8.09532
1.25499
9.55789
6.01415
23.1397
3.04085
10.5284
8.62098
10.9409
5.00899
3.16701
14.9618
2.44408
1.42459
9.16144
1.43399
0.864507
1.496
0.191452
0.19162
0.18654
0.186256
0.190391
0.470869
0.470262
22.75
2.96082
18.0818
34.8615
8.2552
30.524
32.5534
1.45417
11.8819
28.4213
13.5501
37.0672
22.6461
56.5194
4.69432
29.003
9.12253
11.7578
38.6281
13.5204
34.148
25.4962
5.85537
2.77697
3.25696
20.4988
2.59097
31.0363
6.38029
14.1323
16.481
81.75
8.19665
29.2759
5.51429
20.7015
3.09026
9.5093
30.1423
19.838
46.7307
13.5299
8.66875
23.9797
45.6637
44.7926
0.144877
0.144233
0.148822
0.14649
4.8802
2.58402
18.4119
6.32695
18.8031
10.1373
44.6807
57.449
13.8324
32.3587
3.78892
13.2863
34.15
53.3603
27.0231
8.88026
8.47242
18.0706
5.44613
6.79494
12.0879
50.6555
1.87249
0.55949
3.48092
16.2378
4.16777
22.7343
1.10734
7.90671
3.85462
44.2328
20.2816
25.6532
6.16432
42.4651
10.1942
9.02701
67.6826
10.3936
0.872585
2.88374
2.8949
14.0651
7.39552
63.4513
27.0806
69.9453
19.9368
26.1614
0.789801
4.07041
62.9288
67.0413
21.3998
157.357
226.961
29.0428
7.18027
338.008
42.4146
200.306
23.0379
13.2333
23.835
11.3409
60.4723
45.6204
38.8257
93.3125
27.8117
273.287
72.4024
19.121
11.83
11.3292
19.1778
116.329
186.478
11.7769
122.065
19.4744
12.5822
25.7314
158.438
53.698
19.913
175.27
54.8286
13.666
61.3287
32.6225
65.5369
55.0455
15.3732
25.4625
26.7681
19.7332
359.112
13.0771
65.2474
2.39513
159.392
17.3867
31.6833
10.4319
59.8457
4.85637
39.8149
149.496
11.1038
92.9786
124.799
185.27
17.8526
90.6169
47.3531
150.186
109.208
44.9562
21.9203
13.4179
69.6292
25.4161
207.811
35.6669
127.523
6.48809
65.7648
103.511
99.2686
86.084
48.243
77.9711
251.442
0.682506
4.09835
12.9075
7.69239
67.5639
23.993
14.5251
17.9187
68.8446
187.21
54.64
59.5646
72.906
175.683
99.0137
188.197
177.285
2.9262
6.09473
3.82535
13.3431
2.22207
9.95098
2.88373
17.8602
8.19803
3.83882
1.8217
9.73607
14.4261
3.02722
8.69863
5.9399
3.3155
5.06702
0.947249
27.0414
1.18394
1.32714
0.195033
9.21937
1.54126
3.12763
8.43903
1.86586
4.23888
0.13349
0.132885
0.132683
0.133168
5.86911
7.19245
0.463294
0.461931
0.332618
0.328398
0.330074
15.2196
3.90956
0.69944
0.702662
7.86203
2.10379
2.54253
5.27956
2.99048
0.983405
10.543
1.25792
0.636718
0.627929
2.75292
0.835851
4.48514
4.12849
0.2747
0.275631
14.6045
3.75635
5.64671
1.24802
16.8414
4.22859
5.06379
5.81302
15.5976
6.02652
2.51752
2.7377
5.47796
5.42867
0.420229
0.417631
2.87994
6.74335
1.81297
0.219092
0.217926
2.45346
6.90249
8.99148
2.60268
0.140414
0.13641
0.136457
0.135442
0.136067
0.130895
0.137358
2.31774
1.57056
20.0659
3.07731
5.5069
0.884852
3.08297
5.577
37.4992
26.6049
81.4115
202.023
301.505
61.9226
82.2658
9.20143
18.6387
28.7063
27.5134
104.949
204.842
18.0673
180.602
52.3848
54.9321
91.4533
243.21
13.6336
86.843
22.763
108.737
36.1204
10.6049
251.553
25.328
9.3281
106.914
21.4279
52.2306
201.451
61.9776
99.1645
71.9955
69.9054
34.6195
30.1056
52.8197
10.5898
47.5984
162.817
58.9909
16.7513
189.498
85.9171
227.338
234.113
1.69881
130.58
124.902
82.933
133.643
103.807
157.709
1.28455
71.7949
69.9453
139.772
227.365
62.1655
125.178
5.87851
251.823
32.5168
185.904
313.735
73.4185
43.1196
167.879
18.4201
129.159
73.2687
84.9861
63.3024
78.0524
79.9525
134.541
365.713
11.5687
22.7617
18.9483
100.18
117.202
105.144
39.5436
20.3724
103.423
250.119
15.9806
58.0472
43.2614
204.787
121.589
175.282
330.944
93.3646
179.66
77.5337
79.8847
4.25044
36.2474
18.4562
23.8936
8.94983
24.2074
0.374878
0.376886
47.7121
1.13496
1.25579
5.32282
5.50384
17.8653
0.229611
0.225055
0.224352
0.223356
0.2242
0.184086
0.181433
0.17761
0.177762
0.18361
7.05909
31.3702
20.4103
7.28826
16.0148
5.21542
35.652
18.1104
2.56549
9.39855
5.07797
5.52098
16.6211
65.99
12.189
11.9302
28.8428
5.64716
46.9483
0.489719
0.487291
23.9244
4.40085
9.20302
0.222792
0.225079
1.81284
4.92663
3.03749
23.9503
35.0508
29.7723
32.0919
9.00594
1.66813
4.41606
53.997
9.67405
1.96429
4.84174
24.0206
2.44377
7.04749
34.108
2.31415
21.8547
30.4026
9.74487
7.48958
26.6913
17.9683
31.5338
10.5504
52.0586
16.5958
1.04531
12.2611
0.920289
7.75787
2.22289
5.65577
1.44365
5.77687
0.205091
0.20037
0.199773
0.199617
6.71347
16.4669
5.71263
21.8996
7.22958
6.32353
1.13231
0.685323
30.5865
0.457956
0.353979
0.347562
0.982008
0.034462
0.0343518
0.0402029
0.0395691
0.03987
0.0379851
0.038831
0.0368121
0.0383091
0.034369
0.0376921
0.0396211
0.0389168
0.0388629
0.0392511
0.0339692
0.0380909
0.0387468
0.0395169
0.039572
0.0398219
0.0398681
0.036926
0.650986
0.64972
0.863619
0.0417249
0.0385718
0.0443881
0.043963
0.044719
0.042743
0.0422351
0.0437701
0.0432241
0.0431681
0.0433512
0.0435722
0.0433171
0.0435359
0.043422
0.043195
0.042757
0.0374551
0.0387728
0.0382581
0.0383251
0.036377
0.037987
0.0363319
0.036768
0.0330272
0.0324981
0.0374341
0.0385301
0.0375202
0.03847
0.037838
0.0379002
0.0324571
0.036504
0.038162
0.036607
0.0386751
0.0379388
0.0374548
0.038152
0.790433
0.785802
0.399417
0.183532
0.179067
0.182977
0.181542
0.183537
0.183433
0.504365
0.50751
0.224518
0.223864
0.224108
0.224501
0.277558
0.277193
0.272116
0.272992
0.0464849
0.0472281
0.046411
0.0424578
0.0469041
0.047508
0.047694
0.0453172
0.0419159
0.0463121
0.957931
0.634385
0.178187
0.179388
0.177529
0.173703
0.172919
0.177163
0.181161
0.17815
0.177786
0.182957
0.908388
0.914251
0.216424
0.018574
0.026355
0.02316
0.022979
0.024219
0.024591
0.023684
0.0224071
0.0234749
0.0213091
0.0235271
0.0249481
0.021543
0.0229139
0.0244238
0.018657
0.022203
0.0208731
0.0221391
0.018698
0.018532
0.01845
0.0214779
0.0183852
0.0233271
0.0231731
0.0240049
0.021549
0.02337
0.023356
0.020772
0.024997
0.0184181
1.77626
0.146968
0.150621
0.615469
0.613057
0.273076
0.27194
0.270729
0.288165
0.289438
0.288095
0.759938
0.759768
1.12646
0.903383
0.279048
0.278349
1.05231
1.16508
0.614253
0.942864
0.945944
0.762683
2.22966
0.736902
0.418065
1.73963
0.3772
0.653784
0.658934
1.35946
0.343446
0.0210049
0.0220191
0.018579
0.0243511
0.0244639
0.024416
0.024534
0.0233948
0.0181379
0.01843
0.0234339
0.0240269
0.0256
0.024142
0.0237072
0.0242438
0.0244989
0.0235519
0.0243862
0.02231
0.152985
0.154553
0.951525
0.428736
0.429267
0.42593
0.461355
0.46151
0.0494452
0.0483301
0.0498209
0.04898
0.0477631
0.045089
0.0493631
0.049015
0.0503061
0.044528
0.0484939
0.0500472
0.0485222
0.0507941
0.072113
0.0690951
0.0688021
0.074352
0.0741289
0.0731549
0.0745769
0.073396
0.0739551
0.0711291
0.0742791
0.0744579
0.073467
0.564155
0.560276
0.33027
0.32899
0.326543
0.192707
0.193128
0.186365
0.190827
0.189375
0.11268
0.109936
0.113275
0.108696
0.112809
0.110594
0.107508
0.112897
0.115841
0.115671
0.115272
0.115439
0.11797
0.116607
0.115675
0.114925
0.49407
0.495178
0.032268
0.034905
0.0338891
0.0336709
0.034997
0.035408
0.033474
0.034354
0.03476
0.0338249
0.0351741
0.034559
0.0345771
0.035888
0.0340371
0.0346849
0.0298231
0.032901
0.0338271
0.0296361
0.0339479
0.0320301
0.0353541
0.0347378
0.0339329
0.0343771
0.238325
0.238395
0.23933
0.23633
0.238619
0.082515
0.0798252
0.083035
0.0805271
0.082118
0.081243
0.816751
0.611838
2.23414
0.488853
0.490673
0.244347
0.243571
0.243163
1.18686
0.149025
0.150088
0.149225
0.144338
0.144193
1.01707
0.353273
0.349452
0.351278
1.11197
2.82503
0.496155
0.493853
0.324881
0.330205
0.330441
0.161834
0.162157
0.16191
0.160932
0.1572
0.15681
0.51312
0.512059
0.138759
0.138859
0.136208
0.136162
0.140689
0.139699
0.135039
0.377799
0.378953
0.375468
0.391965
0.392525
0.519303
0.522407
0.527071
0.526552
0.237752
0.239409
0.243653
0.237944
0.0880079
0.088038
0.0882308
0.0912442
0.0925691
0.094059
0.0929708
0.092366
0.0876651
0.0923591
0.574019
0.568174
0.468278
0.462923
0.0949209
0.0891702
0.095613
0.09374
0.094933
0.0943489
0.0948629
0.095108
0.093446
1.00957
0.576754
0.569326
0.885382
0.232323
0.233217
0.235991
0.232043
1.89667
1.86996
0.0510728
0.054363
0.0563519
0.110455
0.111384
0.107551
0.107385
0.110417
0.112228
0.10854
0.113171
0.111997
1.22378
0.1915
0.0287869
0.0277591
0.0287449
0.0300419
0.028455
0.0248868
0.028991
0.027406
0.028676
0.0298021
0.024863
0.0281279
0.029309
0.030587
0.0297861
0.029218
0.140757
0.139553
0.141405
0.140527
0.13577
0.140452
0.140568
0.152544
0.15208
0.152121
0.147421
0.147578
0.151474
0.151303
0.0519471
0.0530879
0.051702
0.0533142
0.0528281
0.0520191
0.0515809
0.0533671
0.052943
0.0521772
0.0480261
0.0477061
0.052604
0.0527809
0.0503101
0.0520749
0.0534801
0.224966
0.222266
0.222619
0.230484
0.229735
0.433581
0.43577
0.451902
0.4476
0.447717
0.289006
0.28876
0.2689
0.267952
0.267252
0.26694
0.0686991
0.073246
0.0717299
0.068681
0.074718
0.0689859
0.0729349
0.07374
0.0727849
0.073514
0.0748038
0.0724571
0.0763481
0.0786979
0.079423
0.080025
0.0764349
0.0786891
0.0792122
0.0775161
0.0785589
0.078737
0.073797
0.0778918
0.033356
0.0341661
0.034837
0.0336251
0.0317879
0.035394
0.0348611
0.0352631
0.0345931
0.034085
0.03351
0.033921
0.032949
5.44524
0.094223
6.53049
2.73815
1.07294
0.510153
0.508716
0.180974
0.175917
0.173738
0.179203
3.12128
2.69297
2.98151
3.02117
8.36062
0.018682
0.0179601
0.018698
0.013576
0.0185599
0.0138772
0.0135241
0.0187409
0.018445
0.018291
0.017926
0.0176711
0.01669
0.0167801
0.0173979
0.0138419
0.0202682
0.0136991
0.018707
0.0166571
0.0194631
0.019887
0.018852
0.018533
0.0188668
0.018158
0.018373
0.017827
0.0135441
0.502363
0.505377
3.72352
0.688272
8.88892
0.195669
0.196221
0.191366
0.194377
2.89721
0.11606
0.117026
0.116433
0.114583
0.117863
0.11671
0.112514
0.117837
0.115927
0.484907
0.482481
0.387522
0.38929
0.384848
0.248623
0.248648
0.248147
1.68856
1.76209
2.64805
3.88379
0.154991
0.159226
0.160348
0.161185
0.160859
0.160712
1.11113
4.81465
4.6363
0.142913
0.138616
0.139289
1.2568
1.93942
0.218512
0.218606
0.221913
0.223726
3.26212
5.20152
2.02382
2.97618
0.181453
0.181341
