n = 34
     0  72673  86220  67137 250525  13104 232551  46569      0  95143 370239   3606 165198   4620 186007      0 108667  47494    884 158423     59  84173      0  20105  12453      0      0  28443   1677    619     53    426    394 737662 
 72673      0 117146 128134  13086  90060  37216  26472      0     47  27181 181706    616   4783  35905      0    122    101   1758    106      0      0    162      0      0    102      0      0      0      0    128    543      0 261637 
 86220 117146      0  25884     58  27864    290    242      0    147     99   5620    137    404    698      0      0   2382      0    654   7187      0      0      0      0      0      0      0      0      0      0      0      0  33020 
 67137 128134  25884      0 196703 104651 211828  33298      0  50697 143886 122027  99872      0 152622  16039  90928  67155    203 172768      0  64282      0  39027  58798   1801   3523  34448    498    256      0    391     75 579387 
250525  13086     58 196703      0 296842     61  34953      0   6126   7009 124299   1645  57917   1515      0   5922  38828     40  37622      0   1623    726   1513    332     60    504   7615      0     38    370      0      0 317346 
 13104  90060  27864 104651 296842      0 227441  46847      0  67871 237994   1488  87765      0  88277      0 124448  43615     67 236082      0  78321      0  35316  48456      0      0  25455    574    494    259    127    550 815734 
232551  37216    290 211828     61 227441      0 128144      0     31  16056 344494  49408   5537  16408     49      0  27574   5093 123256   1173   6354     59   6839  25396    144      0      0      0      0    154    127      0 266589 
 46569  26472    242  33298  34953  46847 128144      0      0  20795  31982  28181  21303     61  61198      0  12822  13290  65064  71025      0   4684     44   9055   3725   3467      0  10467     92     39      0     77    316 110738 
     0      0      0      0      0      0      0      0      0      0      0    860      0      0     29      0      0      0      0     84      0      0      0    164      0      0      0      0      0      0      0      0      0  81555 
 95143     47    147  50697   6126  67871     31  20795      0      0  70877  95122    555      0  24968      0  28665      0      0      0      0      0     30      0      0     68    287      0      0      0      0      0      0 222693 
370239  27181     99 143886   7009 237994  16056  31982      0  70877      0 196022  19985      0  20612      0  13807  21115     31 113031     28   9399    176  11749   3245   2837   5766  11956      0      0    310    495      0 112701 
  3606 181706   5620 122027 124299   1488 344494  28181    860  95122 196022      0  60830   1672 135201      0  96170  31889    178 193344      0  58030      0  21585   8354      0      0  11515     87    372    434    272    616 537210 
165198    616    137  99872   1645  87765  49408  21303      0    555  19985  60830      0   6987    768      0      0     41      0      0      0      0   1206      0      0    433    400      0      0     67    233      0      0 258077 
  4620   4783    404      0  57917      0   5537     61      0      0      0   1672   6987      0   1034      0    383      0      0   1552      0    154      0      0    205      0      0      0      0      0      0      0      0  85309 
186007  35905    698 152622   1515  88277  16408  61198     29  24968  20612 135201    768   1034      0    205   2259    487   1116 109656    672   1447   5963   2590      0    181    289    405      0      0      0    231      0 258883 
     0      0      0  16039      0      0     49      0      0      0      0      0      0      0    205      0      0      0      0    153      0     72      0      0      0      0      0     64      0      0      0      0      0  16582 
108667    122      0  90928   5922 124448      0  12822      0  28665  13807  96170      0    383   2259      0      0      0      0    509      0      0      0     28      0    185      0  10935      0      0      0     96      0 123656 
 47494    101   2382  67155  38828  43615  27574  13290      0      0  21115  31889     41      0    487      0      0      0      0    246      0      0      0      0      0     56      0      0      0     30      0     58      0  63843 
   884   1758      0    203     40     67   5093  65064      0      0     31    178      0      0   1116      0      0      0      0      0     34      0      0      0      0      0      0      0      0      0      0      0      0  55794 
158423    106    654 172768  37622 236082 123256  71025     84      0 113031 193344      0   1552 109656    153    509    246      0      0     72    532    116     48     47    398  17321     30    134     76    161     34     31  77241 
    59      0   7187      0      0      0   1173      0      0      0     28      0      0      0    672      0      0      0     34     72      0      0      0      0      0      0      0      0      0      0      0      0      0   9107 
 84173      0      0  64282   1623  78321   6354   4684      0      0   9399  58030      0    154   1447     72      0      0      0    532      0      0      0      0      0    268      0      0      0      0      0      0      0  61055 
     0    162      0      0    726      0     59     44      0     30    176      0   1206      0   5963      0      0      0      0    116      0      0      0      0      0      0      0      0      0      0      0      0      0   8482 
 20105      0      0  39027   1513  35316   6839   9055    164      0  11749  21585      0      0   2590      0     28      0      0     48      0      0      0      0      0      0      0      0      0      0      0      0      0  77651 
 12453      0      0  58798    332  48456  25396   3725      0      0   3245   8354      0    205      0      0      0      0      0     47      0      0      0      0      0     94      0      0      0      0      0      0      0   1625 
     0    102      0   1801     60      0    144   3467      0     68   2837      0    433      0    181      0    185     56      0    398      0    268      0      0     94      0      0      0      0      0      0      0      0  10094 
     0      0      0   3523    504      0      0      0      0    287   5766      0    400      0    289      0      0      0      0  17321      0      0      0      0      0      0      0      0      0      0      0      0      0  28150 
 28443      0      0  34448   7615  25455      0  10467      0      0  11956  11515      0      0    405     64  10935      0      0     30      0      0      0      0      0      0      0      0      0      0    120      0      0  32225 
  1677      0      0    498      0    574      0     92      0      0      0     87      0      0      0      0      0      0      0    134      0      0      0      0      0      0      0      0      0      0     49      0      0   1673 
   619      0      0    256     38    494      0     39      0      0      0    372     67      0      0      0      0     30      0     76      0      0      0      0      0      0      0      0      0      0    147      0      0   1234 
    53    128      0      0    370    259    154      0      0      0    310    434    233      0      0      0      0      0      0    161      0      0      0      0      0      0      0    120     49    147      0     97      0   1723 
   426    543      0    391      0    127    127     77      0      0    495    272      0      0    231      0     96     58      0     34      0      0      0      0      0      0      0      0      0      0     97      0      0   1668 
   394      0      0     75      0    550      0    316      0      0      0    616      0      0      0      0      0      0      0     31      0      0      0      0      0      0      0      0      0      0      0      0      0   1622 
737662 261637  33020 579387 317346 815734 266589 110738  81555 222693 112701 537210 258077  85309 258883  16582 123656  63843  55794  77241   9107  61055   8482  77651   1625  10094  28150  32225   1673   1234   1723   1668   1622      0 
