n = 38
      0  108241   38663   46162    1503   31877   22224       0   40753    1377   20671   15710     912   21995     120    2129       0       0    1712     514       0     578       0       0    5283     197  193721       0    1590    7284       0     410       0     239       0       0      59   68729 
 108241       0   96825   15302       0   26626     143       0   24494   11813    5631    1228     357    1038       0    9328       0       0       0      15       0    4534       0       0       0       0   58454       0       0     535       0       0       0     111       0       0       0    1624 
  38663   96825       0    1053    5647    8144   68136   81214   16099   13830   84598   75416    5952   24887   11902   24873   31638   33834   84415    7963    3670    3745    1101      38    1207       0  125493       0       0    1660       0       0       0       0       0       0       0  204347 
  46162   15302    1053       0   61764     144   64689   18313   13610   11302   22693   37362    8085   41251    3055   13387    4056   21238   15333   16370    1430    4080    1436      86       0       5   91056       0       0       0    1054       0      86       0       0       0      52    9410 
   1503       0    5647   61764       0    6001     671       0   10307       0      12    5992       0     992       0       0       0       6    1857       0       0       0       0       0       0       0   55925       0       0     347       0       0       0       0       0       0       0    6648 
  31877   26626    8144     144    6001       0   63902   16755   23306   12991   35929   25506    6968   15235    3248    9147   12138   20660   53746   17637    1882    5038     636     304       0       0   69406       0       0     273       0       0     468       0     148       0       0   69144 
  22224     143   68136   64689     671   63902       0   45890   52159    1905   20061    2350    2257   27633     228    3973     272      55    1297       0    2110    8561       0     286       0    3397   53470       0       0    1793       0      30     398       0       0       0       0   45968 
      0       0   81214   18313       0   16755   45890       0    8080       0    1424    5154     578   11417       0       0       0      46    6613       0       0      78       0       0       0   19477   67566       0       0    2240       0     219       0       0       0       0      12  113665 
  40753   24494   16099   13610   10307   23306   52159    8080       0   10467   39905   19735      88   14897    1718   14455    4513   12256   27983     494    7042    4036       0    4017    1038     183   60608       0       0     780       0     866       0       0       0       0       0   21622 
   1377   11813   13830   11302       0   12991    1905       0   10467       0     431     315       0       0       0       0       0       0     485       0       0       0       0       0       0       0   58917       0       0       0       0       0       0       0       0       0       0     139 
  20671    5631   84598   22693      12   35929   20061    1424   39905     431       0    7967    3708   24954     117     410       0    1549    2386    1446     660     446       0     545       0    3394   71129       0       0    1643       0    1641       0       0       0       0      22  135531 
  15710    1228   75416   37362    5992   25506    2350    5154   19735     315    7967       0    7634   28455    1576    2870    1021    3105     969    5477    1099    3627       0      33       0       1   36307       0     231    3606       0    2241       0     354       0     101      23   23964 
    912     357    5952    8085       0    6968    2257     578      88       0    3708    7634       0       0    9506       0      41    3273    2081     235       5       0       0       0       0       0   31392       0       0       0       0       0       0       0       0       0       0    7452 
  21995    1038   24887   41251     992   15235   27633   11417   14897       0   24954   28455       0       0    4603    3844    3630    2272   13003    6341      14    3623    1720   28670    5203    3524   11010       0       0       0       0      49       0       0       0       0       0   42851 
    120       0   11902    3055       0    3248     228       0    1718       0     117    1576    9506    4603       0       0       0    1479    2299       0       0       0     171       0       0       0   21865       0       0     259       0       0       0       0       0       0       0    1592 
   2129    9328   24873   13387       0    9147    3973       0   14455       0     410    2870       0    3844       0       0       0       0     644       0     814       0       0       1      81    1357    8300       0       0    1784       0     313       0     124       0     117       0   21257 
      0       0   31638    4056       0   12138     272       0    4513       0       0    1021      41    3630       0       0       0       0     243       0       0       0       0       0       0      66    1583       0       0     914       0       0       0       0       0       0       0    2580 
      0       0   33834   21238       6   20660      55      46   12256       0    1549    3105    3273    2272    1479       0       0       0     301    1628       0       2       0       0       0       6   30947       0    3581    1370       0     704       0      92       0       0       0   16155 
   1712       0   84415   15333    1857   53746    1297    6613   27983     485    2386     969    2081   13003    2299     644     243     301       0    7492     203     461       0     510       0   22295   19310     392       0     404       0     360       0     348     124       0       0  110080 
    514      15    7963   16370       0   17637       0       0     494       0    1446    5477     235    6341       0       0       0    1628    7492       0       0       0       0       0     191       0    7513       0       0     862       0       0       0       0       0       0       0   36660 
      0       0    3670    1430       0    1882    2110       0    7042       0     660    1099       5      14       0     814       0       0     203       0       0       0       0      41       0       0    5865       0       0       0       0       0       0       0       0       0       0      49 
    578    4534    3745    4080       0    5038    8561      78    4036       0     446    3627       0    3623       0       0       0       2     461       0       0       0       0       0       0       0   12734       0       0    1275       0      35       0       0       0       0       0    3524 
      0       0    1101    1436       0     636       0       0       0       0       0       0       0    1720     171       0       0       0       0       0       0       0       0       0       0      39     619     371       0     378       0       0       0       0       0       0       0    1928 
      0       0      38      86       0     304     286       0    4017       0     545      33       0   28670       0       1       0       0     510       0      41       0       0       0       0       0     429       0       0      30       0       0       0       0       0       0       0   22973 
   5283       0    1207       0       0       0       0       0    1038       0       0       0       0    5203       0      81       0       0       0     191       0       0       0       0       0       0      82       0       0       0       0       0       0       0       0       0       0    6258 
    197       0       0       5       0       0    3397   19477     183       0    3394       1       0    3524       0    1357      66       6   22295       0       0       0      39       0       0       0      77       0       0       0       0       0       0       0       0       0       0   53485 
 193721   58454  125493   91056   55925   69406   53470   67566   60608   58917   71129   36307   31392   11010   21865    8300    1583   30947   19310    7513    5865   12734     619     429      82      77       0       0       0       0       0       0       0       0       0       0       0     233 
      0       0       0       0       0       0       0       0       0       0       0       0       0       0       0       0       0       0     392       0       0       0     371       0       0       0       0       0       0       0       0       0       0       0       0       0       0   32670 
   1590       0       0       0       0       0       0       0       0       0       0     231       0       0       0       0       0    3581       0       0       0       0       0       0       0       0       0       0       0       0       0       0       0       0       0       0       0    1269 
   7284     535    1660       0     347     273    1793    2240     780       0    1643    3606       0       0     259    1784     914    1370     404     862       0    1275     378      30       0       0       0       0       0       0       0       0       0       0       0       0       0    8587 
      0       0       0    1054       0       0       0       0       0       0       0       0       0       0       0       0       0       0       0       0       0       0       0       0       0       0       0       0       0       0       0       0       0       0       0       0       0    1116 
    410       0       0       0       0       0      30     219     866       0    1641    2241       0      49       0     313       0     704     360       0       0      35       0       0       0       0       0       0       0       0       0       0       0       0       0       0       0       0 
      0       0       0      86       0     468     398       0       0       0       0       0       0       0       0       0       0       0       0       0       0       0       0       0       0       0       0       0       0       0       0       0       0       0       0       0       0       0 
    239     111       0       0       0       0       0       0       0       0       0     354       0       0       0     124       0      92     348       0       0       0       0       0       0       0       0       0       0       0       0       0       0       0       0       0       0       0 
      0       0       0       0       0     148       0       0       0       0       0       0       0       0       0       0       0       0     124       0       0       0       0       0       0       0       0       0       0       0       0       0       0       0       0       0       0       0 
      0       0       0       0       0       0       0       0       0       0       0     101       0       0       0     117       0       0       0       0       0       0       0       0       0       0       0       0       0       0       0       0       0       0       0       0       0       0 
     59       0       0      52       0       0       0      12       0       0      22      23       0       0       0       0       0       0       0       0       0       0       0       0       0       0       0       0       0       0       0       0       0       0       0       0       0       9 
  68729    1624  204347    9410    6648   69144   45968  113665   21622     139  135531   23964    7452   42851    1592   21257    2580   16155  110080   36660      49    3524    1928   22973    6258   53485     233   32670    1269    8587    1116       0       0       0       0       0       9       0 

