n = 38
      0  113367   39177   46028    1552   31645   27313       0   51421    1354   30803   25772     906   22045     105    2171       0       0    1732     517       0     476       0       0     279     189  164254       0    1572    7394       0     365       0     256       0       0      67   58925 
 113367       0   91862   10228       0   31541     154       0   24430   11930    5617    1222     364     990       0    9316       0       0       0      13       0    4433       0       0       0       0   72960       0       0     556       0       0       0     120       0       0       0    1514 
  39177   91862       0    1028    5681    7956   58352   91332   11245    8855   84771   69625    5894   29729   17036   19672   21867   28695   63994   13123    8788    3836    1075      40    1155       0  131462       0       0    1716       0       0       0       0       0       0       0  213720 
  46028   10228    1028       0   42038     151   59206    8058   18475   11053   17292   32448    7834   41729    3157   13435    4085   26258   10217   20914    1381    4004    1459     102       0       4   91534       0       0       0    1117       0      88       0       0       0      62    9269 
   1552       0    5681   42038       0   11008     639       0   10192       0      14    5988       0     911       0       0       0       0    6876       0       0       0       0       0       0       0   61676       0       0     359       0       0       0       0       0       0       0    6607 
  31645   31541    7956     151   11008       0   58821   16652   18563   18085   36418   30444    7005   15224    3291    9203   12016   20526   43495   17924    1899    5012     561     289       0       0   63890       0       0     300       0       0     465       0     150       0       0   64075 
  27313     154   58352   59206     639   58821       0   35809   37279    1887   15094    2429    7243   27821     235    3862     271      57    1275       0    2110   13653       0     271       0    3439   67948       0       0    1769       0      35     356       0       0       0       0   45983 
      0       0   91332    8058       0   16652   35809       0    8213       0    1503    5245     511   16709       0       0       0      61    6674       0       0      71       0       0       0   14611   82568       0       0    2234       0     240       0       0       0       0       5  123672 
  51421   24430   11245   18475   10192   18563   37279    8213       0   15412   35041   14929     108    9914    1627    9312    4499   17092   28254     564    2061    4034       0    3934    1054     181   55675       0       0     821       0     919       0       0       0       0       0   26766 
   1354   11930    8855   11053       0   18085    1887       0   15412       0     416     317       0       0       0       0       0       0     464       0       0       0       0       0       0       0   58323       0       0       0       0       0       0       0       0       0       0     184 
  30803    5617   84771   17292      14   36418   15094    1503   35041     416       0   12982    3880   29965      99     430       0    1560    2384    1507     629     413       0     537       0    3464   71223       0       0    1638       0    1678       0       0       0       0      20  120001 
  25772    1222   69625   32448    5988   30444    2429    5245   14929     317   12982       0    7708   28027    1554    2811    1081    3162    1022    5625    1107    3738       0      29       0       0   41046       0     237    3607       0    2226       0     338       0     127      28   28951 
    906     364    5894    7834       0    7005    7243     511     108       0    3880    7708       0       0    4352       0      43    3137    2013     251       2       0       0       0       0       0   36611       0       0       0       0       0       0       0       0       0       0    2488 
  22045     990   29729   41729     911   15224   27821   16709    9914       0   29965   28027       0       0    4658    3778    3539    2360   12661    6441      17    3563    1736   23497    5314    3627   15957       0       0       0       0      51       0       0       0       0       0   37721 
    105       0   17036    3157       0    3291     235       0    1627       0      99    1554    4352    4658       0       0       0    1413    2162       0       0       0     195       0       0       0   26740       0       0     254       0       0       0       0       0       0       0    1591 
   2171    9316   19672   13435       0    9203    3862       0    9312       0     430    2811       0    3778       0       0       0       0     639       0     823       0       0       1      89    1324   13415       0       0    1816       0     313       0     109       0     125       0   26455 
      0       0   21867    4085       0   12016     271       0    4499       0       0    1081      43    3539       0       0       0       0     211       0       0       0       0       0       0      67    1647       0       0     906       0       0       0       0       0       0       0    2699 
      0       0   28695   26258       0   20526      57      61   17092       0    1560    3162    3137    2360    1413       0       0       0     250    1723       0       1       0       0       0      12   36340       0    3476    1466       0     674       0     107       0       0       0   21018 
   1732       0   63994   10217    6876   43495    1275    6674   28254     464    2384    1022    2013   12661    2162     639     211     250       0    7640     180     494       0     514       0   22293   24369     343       0     417       0     360       0     351     133       0       0  110754 
    517      13   13123   20914       0   17924       0       0     564       0    1507    5625     251    6441       0       0       0    1723    7640       0       0       0       0       0     205       0    7402       0       0     854       0       0       0       0       0       0       0   46490 
      0       0    8788    1381       0    1899    2110       0    2061       0     629    1107       2      17       0     823       0       0     180       0       0       0       0      44       0       0    5779       0       0       0       0       0       0       0       0       0       0      44 
    476    4433    3836    4004       0    5012   13653      71    4034       0     413    3738       0    3563       0       0       0       1     494       0       0       0       0       0       0       0   12756       0       0    1233       0      28       0       0       0       0       0    3369 
      0       0    1075    1459       0     561       0       0       0       0       0       0       0    1736     195       0       0       0       0       0       0       0       0       0       0      43     652     354       0     354       0       0       0       0       0       0       0    2098 
      0       0      40     102       0     289     271       0    3934       0     537      29       0   23497       0       1       0       0     514       0      44       0       0       0       0       0     412       0       0      29       0       0       0       0       0       0       0   18170 
    279       0    1155       0       0       0       0       0    1054       0       0       0       0    5314       0      89       0       0       0     205       0       0       0       0       0       0      97       0       0       0       0       0       0       0       0       0       0   11238 
    189       0       0       4       0       0    3439   14611     181       0    3464       0       0    3627       0    1324      67      12   22293       0       0       0      43       0       0       0      57       0       0       0       0       0       0       0       0       0       0   52995 
 164254   72960  131462   91534   61676   63890   67948   82568   55675   58323   71223   41046   36611   15957   26740   13415    1647   36340   24369    7402    5779   12756     652     412      97      57       0       0       0       0       0       0       0       0       0       0       0     265 
      0       0       0       0       0       0       0       0       0       0       0       0       0       0       0       0       0       0     343       0       0       0     354       0       0       0       0       0       0       0       0       0       0       0       0       0       0   32689 
   1572       0       0       0       0       0       0       0       0       0       0     237       0       0       0       0       0    3476       0       0       0       0       0       0       0       0       0       0       0       0       0       0       0       0       0       0       0    1225 
   7394     556    1716       0     359     300    1769    2234     821       0    1638    3607       0       0     254    1816     906    1466     417     854       0    1233     354      29       0       0       0       0       0       0       0       0       0       0       0       0       0   13304 
      0       0       0    1117       0       0       0       0       0       0       0       0       0       0       0       0       0       0       0       0       0       0       0       0       0       0       0       0       0       0       0       0       0       0       0       0       0    1057 
    365       0       0       0       0       0      35     240     919       0    1678    2226       0      51       0     313       0     674     360       0       0      28       0       0       0       0       0       0       0       0       0       0       0       0       0       0       0       0 
      0       0       0      88       0     465     356       0       0       0       0       0       0       0       0       0       0       0       0       0       0       0       0       0       0       0       0       0       0       0       0       0       0       0       0       0       0       0 
    256     120       0       0       0       0       0       0       0       0       0     338       0       0       0     109       0     107     351       0       0       0       0       0       0       0       0       0       0       0       0       0       0       0       0       0       0       0 
      0       0       0       0       0     150       0       0       0       0       0       0       0       0       0       0       0       0     133       0       0       0       0       0       0       0       0       0       0       0       0       0       0       0       0       0       0       0 
      0       0       0       0       0       0       0       0       0       0       0     127       0       0       0     125       0       0       0       0       0       0       0       0       0       0       0       0       0       0       0       0       0       0       0       0       0       0 
     67       0       0      62       0       0       0       5       0       0      20      28       0       0       0       0       0       0       0       0       0       0       0       0       0       0       0       0       0       0       0       0       0       0       0       0       0      13 
  58925    1514  213720    9269    6607   64075   45983  123672   26766     184  120001   28951    2488   37721    1591   26455    2699   21018  110754   46490      44    3369    2098   18170   11238   52995     265   32689    1225   13304    1057       0       0       0       0       0      13       0 

