n = 38
      0  103417   38420   40985    1549   36583   21912       0   61218    1273   20709   15678     902   16764     102    2096       0       0    1688     518       0     563       0       0     269     203  174321       0    1608    7227       0     373       0     264       0       0      57   68206 
 103417       0   96587   10208       0   31725     144       0   34276   12155    5643    1256     321    1082       0    9332       0       0       0       9       0    4470       0       0       0       0   67885       0       0     517       0       0       0     108       0       0       0    1643 
  38420   96587       0    1091    5653    8120   67860   86577   11193    8974   99659   70555    5843   25106   12153   20088   31826   38658   63916    7944    8642    3692    1093      47    1155       0  125797       0       0    1729       0       0       0       0       0       0       0  214322 
  40985   10208    1091       0   57015     125   63946    7974   13633   11193   22498   32327    8131   41546    3037   18130    9027   26233   10429   16103    1375    4005    1451      73       0       3   96489       0       0       0    1113       0      68       0       0       0      48    9379 
   1549       0    5653   57015       0   10974     713       0    5296       0      11    5964       0     949       0       0       0       2    1678       0       0       0       0       0       0       0   66626       0       0     323       0       0       0       0       0       0       0   11542 
  36583   31725    8120     125   10974       0   63637   16889   18645   13054   36348   25376    6944   15364    3253    9187   17085   15842   48183   17822    1890    5117     581     304       0       0   74058       0       0     289       0       0     459       0     156       0       0   68679 
  21912     144   67860   63946     713   63637       0   35799   37331    1824   14986    2423    2220   27822     238    3952     269      49    1251       0    2154    8576       0     298       0    3353   63426       0       0    1788       0      32     398       0       0       0       0   46275 
      0       0   86577    7974       0   16889   35799       0    8156       0    1498    5048     577   11386       0       0       0      59   11764       0       0      82       0       0       0   14381   67423       0       0    2215       0     236       0       0       0       0      16  119499 
  61218   34276   11193   13633    5296   18645   37331    8156       0   10460   35307   15056      97    9736    1634    9418    4521   12187   28134     534    2038    4029       0    3908    1107     195   56237       0       0     866       0     884       0       0       0       0       0   26365 
   1273   12155    8974   11193       0   13054    1824       0   10460       0     404     333       0       0       0       0       0       0     457       0       0       0       0       0       0       0   53442       0       0       0       0       0       0       0       0       0       0     159 
  20709    5643   99659   22498      11   36348   14986    1498   35307     404       0   13022    3827   34711      96     420       0    1498    2361    1603     690     477       0     535       0    3527   70742       0       0    1619       0    1705       0       0       0       0      25  135116 
  15678    1256   70555   32327    5964   25376    2423    5048   15056     333   13022       0    2649   28162    1600    2862    1011    3316     973    5572    1236    3640       0      28       0       1   40960       0     250    3484       0    2241       0     348       0     106      27   23467 
    902     321    5843    8131       0    6944    2220     577      97       0    3827    2649       0       0    4485       0      35    3098    2028     246       6       0       0       0       0       0   36644       0       0       0       0       0       0       0       0       0       0    2525 
  16764    1082   25106   41546     949   15364   27822   11386    9736       0   34711   28162       0       0    4621    3748    3649    2311   17791    6270      19    3628    1702   24045    5274    3563   11055       0       0       0       0      45       0       0       0       0       0   42856 
    102       0   12153    3037       0    3253     238       0    1634       0      96    1600    4485    4621       0       0       0    1312    2207       0       0       0     163       0       0       0   21628       0       0     282       0       0       0       0       0       0       0    1717 
   2096    9332   20088   18130       0    9187    3952       0    9418       0     420    2862       0    3748       0       0       0       0     668       0     793       0       0       0      99    1361    8322       0       0    1868       0     319       0     111       0     121       0   21382 
      0       0   31826    9027       0   17085     269       0    4521       0       0    1011      35    3649       0       0       0       0     243       0       0       0       0       0       0      60    1623       0       0     955       0       0       0       0       0       0       0    2695 
      0       0   38658   26233       2   15842      49      59   12187       0    1498    3316    3098    2311    1312       0       0       0     259    1660       0       1       0       0       0       7   31158       0    3547    1404       0     696       0     114       0       0       0   31210 
   1688       0   63916   10429    1678   48183    1251   11764   28134     457    2361     973    2028   17791    2207     668     243     259       0    7638     157     471       0     511       0   22327   19223     395       0     431       0     384       0     344     135       0       0  110392 
    518       9    7944   16103       0   17822       0       0     534       0    1603    5572     246    6270       0       0       0    1660    7638       0       0       0       0       0     187       0    7492       0       0     878       0       0       0       0       0       0       0   41914 
      0       0    8642    1375       0    1890    2154       0    2038       0     690    1236       6      19       0     793       0       0     157       0       0       0       0      37       0       0    5785       0       0       0       0       0       0       0       0       0       0      62 
    563    4470    3692    4005       0    5117    8576      82    4029       0     477    3640       0    3628       0       0       0       1     471       0       0       0       0       0       0       0   17767       0       0    1282       0      27       0       0       0       0       0    3560 
      0       0    1093    1451       0     581       0       0       0       0       0       0       0    1702     163       0       0       0       0       0       0       0       0       0       0      43     645     386       0     370       0       0       0       0       0       0       0    2037 
      0       0      47      73       0     304     298       0    3908       0     535      28       0   24045       0       0       0       0     511       0      37       0       0       0       0       0     421       0       0      33       0       0       0       0       0       0       0   23050 
    269       0    1155       0       0       0       0       0    1107       0       0       0       0    5274       0      99       0       0       0     187       0       0       0       0       0       0      73       0       0       0       0       0       0       0       0       0       0    6289 
    203       0       0       3       0       0    3353   14381     195       0    3527       1       0    3563       0    1361      60       7   22327       0       0       0      43       0       0       0      60       0       0       0       0       0       0       0       0       0       0   53183 
 174321   67885  125797   96489   66626   74058   63426   67423   56237   53442   70742   40960   36644   11055   21628    8322    1623   31158   19223    7492    5785   17767     645     421      73      60       0       0       0       0       0       0       0       0       0       0       0     248 
      0       0       0       0       0       0       0       0       0       0       0       0       0       0       0       0       0       0     395       0       0       0     386       0       0       0       0       0       0       0       0       0       0       0       0       0       0   32891 
   1608       0       0       0       0       0       0       0       0       0       0     250       0       0       0       0       0    3547       0       0       0       0       0       0       0       0       0       0       0       0       0       0       0       0       0       0       0    1245 
   7227     517    1729       0     323     289    1788    2215     866       0    1619    3484       0       0     282    1868     955    1404     431     878       0    1282     370      33       0       0       0       0       0       0       0       0       0       0       0       0       0    8627 
      0       0       0    1113       0       0       0       0       0       0       0       0       0       0       0       0       0       0       0       0       0       0       0       0       0       0       0       0       0       0       0       0       0       0       0       0       0    1105 
    373       0       0       0       0       0      32     236     884       0    1705    2241       0      45       0     319       0     696     384       0       0      27       0       0       0       0       0       0       0       0       0       0       0       0       0       0       0       0 
      0       0       0      68       0     459     398       0       0       0       0       0       0       0       0       0       0       0       0       0       0       0       0       0       0       0       0       0       0       0       0       0       0       0       0       0       0       0 
    264     108       0       0       0       0       0       0       0       0       0     348       0       0       0     111       0     114     344       0       0       0       0       0       0       0       0       0       0       0       0       0       0       0       0       0       0       0 
      0       0       0       0       0     156       0       0       0       0       0       0       0       0       0       0       0       0     135       0       0       0       0       0       0       0       0       0       0       0       0       0       0       0       0       0       0       0 
      0       0       0       0       0       0       0       0       0       0       0     106       0       0       0     121       0       0       0       0       0       0       0       0       0       0       0       0       0       0       0       0       0       0       0       0       0       0 
     57       0       0      48       0       0       0      16       0       0      25      27       0       0       0       0       0       0       0       0       0       0       0       0       0       0       0       0       0       0       0       0       0       0       0       0       0       6 
  68206    1643  214322    9379   11542   68679   46275  119499   26365     159  135116   23467    2525   42856    1717   21382    2695   31210  110392   41914      62    3560    2037   23050    6289   53183     248   32891    1245    8627    1105       0       0       0       0       0       6       0 

