n = 34
      0  103261   77031  143519    1446  138798   68622       0  101897    1290   69833   79409     842   52839     103     827     281       0   36861     165       0     103       0       0     215     831  189247       0       0       0       0       0    9739   66134 
 103261       0  162894   13426       0   54775     327       0   44928   11927    5451    1199     330     592       0  111231       0       0       0       0       0    4509       0       0       0     228   63352       0       0    5861       0       0       0   37705 
  77031  162894       0    1065    9051   12634  146998  135817   50680    9170  147698  256802    5545   42301   33538   45455   69638   83124  222527   64741    3823   26564     158       6    1506    9089  135095       0       0       0       0       0       0  563996 
 143519   13426    1065       0   58476     583  254575   53195   61859   11240   96009  138231    7885   42564    6247  111759   31980   68894   84005   63442    1413   23717     354       0       0    1547   99786     709       0       0       0       0       0  378279 
   1446       0    9051   58476       0   27871    2986       0   25111       0    5188   15451       0    4963       0       0       0       0    1563       0       0       0       0       0       0       0   61617       0       0       0       0       0       0   53996 
 138798   54775   12634     583   27871       0  178462   78046   65114   12835   77334  142784    5007   35585   10535   40178   43104   84912  267174   37806    1758   21639       0       0     337       0   77840       0       0       0       0       0       0  627215 
  68622     327  146998  254575    2986  178462       0   55318  157355    1850    6726    9893    7242  102662     214   26833    2530      49    1203       0    2097   19708       0    2290       0    5034   68023       0       0     893       0       0       0  253161 
      0       0  135817   53195       0   78046   55318       0   53156       0    1132   11518     514   10934       0     328       0       0    7459     311       0      63       0       0       0    6385   67485       0       0       0     439       0     351  238222 
 101897   44928   50680   61859   25111   65114  157355   53156       0   10418  103011   63900      91   18087   14740   79359   31906   63941  148179   28751    2040   37635       0       0     426     163   80860       0   19366       0       0     892    3253  432483 
   1290   11927    9170   11240       0   12835    1850       0   10418       0     422     331       0       0       0       0       0       0     484       0       0       0       0       0       0       0   48431       0       0       0       0       0       0     319 
  69833    5451  147698   96009    5188   77334    6726    1132  103011     422       0   14269    1226   49375      89    8390     283    1782    1032   14842     671     751       0     659       0     794   76358       0       0     483    5175       0       0  174519 
  79409    1199  256802  138231   15451  142784    9893   11518   63900     331   14269       0    2760   17199    5384   11725    4808    6743    4111   38771    1371   10804       0       0       0       0   37811       0       0       0       0    2088    3436   70657 
    842     330    5545    7885       0    5007    7242     514      91       0    1226    2760       0       0    4543       0      38    3149    1974     184       3       0       0       0       0       0   31694       0       0       0       0       0       0     281 
  52839     592   42301   42564    4963   35585  102662   10934   18087       0   49375   17199       0       0    8412   15167    2945    5746   37594   14883      20    7888     468   54773       0       0   11542       0       0       0       0    2905       0   91665 
    103       0   33538    6247       0   10535     214       0   14740       0      89    5384    4543    8412       0       0       0    5491    9895       0       0       0     162       0       0       0   26388       0       0       0       0       0       0   17323 
    827  111231   45455  111759       0   40178   26833     328   79359       0    8390   11725       0   15167       0       0       0       0    7361       0     777       0       0     861     102    4315    8301       0       0       0       0       0       0  178487 
    281       0   69638   31980       0   43104    2530       0   31906       0     283    4808      38    2945       0       0       0       0     214       0       0       0       0       0       0      83    1646       0       0       0       0       0       0   34425 
      0       0   83124   68894       0   84912      49       0   63941       0    1782    6743    3149    5746    5491       0       0       0    3212   14758       0       0       0       0       0       0   31386       0       0       0       0       0       0   84614 
  36861       0  222527   84005    1563  267174    1203    7459  148179     484    1032    4111    1974   37594    9895    7361     214    3212       0    3351     154   28170       0       0       0   56642   19389       0       0       0     628       0     483  297641 
    165       0   64741   63442       0   37806       0     311   28751       0   14842   38771     184   14883       0       0       0   14758    3351       0       0       0       0       0      67       0    7435       0       0       0       0       0     245  182413 
      0       0    3823    1413       0    1758    2097       0    2040       0     671    1371       3      20       0     777       0       0     154       0       0       0       0      37       0       0    5696       0       0       0       0       0       0     293 
    103    4509   26564   23717       0   21639   19708      63   37635       0     751   10804       0    7888       0       0       0       0   28170       0       0       0       0       0       0       0   12860       0       0       0       0       0       0   60334 
      0       0     158     354       0       0       0       0       0       0       0       0       0     468     162       0       0       0       0       0       0       0       0       0       0       0     658       0       0       0       0       0       0     185 
      0       0       6       0       0       0    2290       0       0       0     659       0       0   54773       0     861       0       0       0       0      37       0       0       0       0       0     381       0       0       0       0       0       0   45278 
    215       0    1506       0       0     337       0       0     426       0       0       0       0       0       0     102       0       0       0      67       0       0       0       0       0       0      91       0       0       0       0       0       0    1164 
    831     228    9089    1547       0       0    5034    6385     163       0     794       0       0       0       0    4315      83       0   56642       0       0       0       0       0       0       0      58       0       0       0       0       0       0   84478 
 189247   63352  135095   99786   61617   77840   68023   67485   80860   48431   76358   37811   31694   11542   26388    8301    1646   31386   19389    7435    5696   12860     658     381      91      58       0       0       0       0       0       0       0     732 
      0       0       0     709       0       0       0       0       0       0       0       0       0       0       0       0       0       0       0       0       0       0       0       0       0       0       0       0       0       0       0       0       0   78210 
      0       0       0       0       0       0       0       0   19366       0       0       0       0       0       0       0       0       0       0       0       0       0       0       0       0       0       0       0       0       0       0       0       0   14365 
      0    5861       0       0       0       0     893       0       0       0     483       0       0       0       0       0       0       0       0       0       0       0       0       0       0       0       0       0       0       0       0       0       0   12383 
      0       0       0       0       0       0       0     439       0       0    5175       0       0       0       0       0       0       0     628       0       0       0       0       0       0       0       0       0       0       0       0       0       0    6243 
      0       0       0       0       0       0       0       0     892       0       0    2088       0    2905       0       0       0       0       0       0       0       0       0       0       0       0       0       0       0       0       0       0       0    5691 
   9739       0       0       0       0       0       0     351    3253       0       0    3436       0       0       0       0       0       0     483     245       0       0       0       0       0       0       0       0       0       0       0       0       0   22548 
  66134   37705  563996  378279   53996  627215  253161  238222  432483     319  174519   70657     281   91665   17323  178487   34425   84614  297641  182413     293   60334     185   45278    1164   84478     732   78210   14365   12383    6243    5691   22548       0 

