n = 34
      0  103417   76676  148238    1549  143144   58778       0  106493    1273   64439   69680     868   57848      99     797     285       0   26888     197       0      92       0       0     195     772  174321       0       0       0       0       0    9870   41267 
 103417       0  188393   13644       0   54848     307       0   49805   12155    5490    1256     321     596       0   96520       0       0       0       0       0    4470       0       0       0     242   67885       0       0    5732       0       0       0   37252 
  76676  188393       0    1040    9031   12729  136946  141468   50539    9297  132831  256785    5408   51799   28706   40484   75056   88175  221955   80063    8642   31297     154      10    1531    4067  130194       0       0       0       0       0       0  553673 
 148238   13644    1040       0   63305     564  274728   43461   62165   11193  101119  148226    8069   42710   11340  126468   31594   63975   83881   62336    1375   23867     363       0       0    1491  100589     691       0       0       0       0       0  363067 
   1549       0    9031   63305       0   37625    8014       0   20119       0     210   10393       0    5027       0       0       0       0    1488       0       0       0       0       0       0       0   66626       0       0       0       0       0       0   49241 
 143144   54848   12729     564   37625       0  174085   78580   59950   12914   66776  137851    5025   40753   10694   40313   42795   80568  251321   32610    1836   21641       0       0     323       0   92916       0       0       0       0       0       0  622583 
  58778     307  136946  274728    8014  174085       0   60018  151555    1824    6793    9842    2220  102174     238   27012    2581      49    1251       0    2154   19624       0    2417       0    5033   72926       0       0     928       0       0       0  254157 
      0       0  141468   43461       0   78580   60018       0   73656       0    1204   11496     577   10899       0     383       0       0   12461     310       0      73       0       0       0    6207   67423       0       0       0     482       0     360  219886 
 106493   49805   50539   62165   20119   59950  151555   73656       0   10460  107673   69465      97   18169   19592   64036   27185   59113  147933   28477    2038   37848       0       0     387     195   80931       0   19379       0       0     846    3197  452778 
   1273   12155    9297   11193       0   12914    1824       0   10460       0     404     333       0       0       0       0       0       0     457       0       0       0       0       0       0       0   53442       0       0       0       0       0       0     308 
  64439    5490  132831  101119     210   66776    6793    1204  107673     404       0   19321    1151   49888      76    8483     278    1714    1028    9883     690     767       0     635       0    5704   70742       0       0     553    5265       0       0  174974 
  69680    1256  256785  148226   10393  137851    9842   11496   69465     333   19321       0    2649   27134    5401   11888    4918    6915    9132   54167    1519   10640       0       0       0       1   42779       0       0       0       0    2047    3474   65843 
    868     321    5408    8069       0    5025    2220     577      97       0    1151    2649       0       0    4485       0      35    3098    1978     203       6       0       0       0       0       0   36644       0       0       0       0       0       0     310 
  57848     596   51799   42710    5027   40753  102174   10899   18169       0   49888   27134       0       0    8304   15051    2888    5695   27986   14871      19    7782     480   54436       0       0   11676       0       0       0       0    7894       0  101301 
     99       0   28706   11340       0   10694     238       0   19592       0      76    5401    4485    8304       0       0       0    5526    5074       0       0       0     116       0       0       0   21628       0       0       0       0       0       0   17344 
    797   96520   40484  126468       0   40313   27012     383   64036       0    8483   11888       0   15051       0       0       0       0    7468       0     793       0       0     822      99    4236    8322       0       0       0       0       0       0  208731 
    285       0   75056   31594       0   42795    2581       0   27185       0     278    4918      35    2888       0       0       0       0     243       0       0       0       0       0       0      60    1623       0       0       0       0       0       0   34295 
      0       0   88175   63975       0   80568      49       0   59113       0    1714    6915    3098    5695    5526       0       0       0    3178   14591       0       0       0       0       0       0   31158       0       0       0       0       0       0   89551 
  26888       0  221955   83881    1488  251321    1251   12461  147933     457    1028    9132    1978   27986    5074    7468     243    3178       0    3532     157   32960       0       0       0   56712   19223       0       0       0     557       0     474  277900 
    197       0   80063   62336       0   32610       0     310   28477       0    9883   54167     203   14871       0       0       0   14591    3532       0       0       0       0       0      62       0    7492       0       0       0       0       0     211  162377 
      0       0    8642    1375       0    1836    2154       0    2038       0     690    1519       6      19       0     793       0       0     157       0       0       0       0      37       0       0    5785       0       0       0       0       0       0     286 
     92    4470   31297   23867       0   21641   19624      73   37848       0     767   10640       0    7782       0       0       0       0   32960       0       0       0       0       0       0       0   17767       0       0       0       0       0       0   40041 
      0       0     154     363       0       0       0       0       0       0       0       0       0     480     116       0       0       0       0       0       0       0       0       0       0       0     645       0       0       0       0       0       0     203 
      0       0      10       0       0       0    2417       0       0       0     635       0       0   54436       0     822       0       0       0       0      37       0       0       0       0       0     421       0       0       0       0       0       0   50171 
    195       0    1531       0       0     323       0       0     387       0       0       0       0       0       0      99       0       0       0      62       0       0       0       0       0       0      73       0       0       0       0       0       0    1268 
    772     242    4067    1491       0       0    5033    6207     195       0    5704       1       0       0       0    4236      60       0   56712       0       0       0       0       0       0       0      60       0       0       0       0       0       0   74137 
 174321   67885  130194  100589   66626   92916   72926   67423   80931   53442   70742   42779   36644   11676   21628    8322    1623   31158   19223    7492    5785   17767     645     421      73      60       0       0       0       0       0       0       0     792 
      0       0       0     691       0       0       0       0       0       0       0       0       0       0       0       0       0       0       0       0       0       0       0       0       0       0       0       0       0       0       0       0       0   87758 
      0       0       0       0       0       0       0       0   19379       0       0       0       0       0       0       0       0       0       0       0       0       0       0       0       0       0       0       0       0       0       0       0       0   14477 
      0    5732       0       0       0       0     928       0       0       0     553       0       0       0       0       0       0       0       0       0       0       0       0       0       0       0       0       0       0       0       0       0       0    7241 
      0       0       0       0       0       0       0     482       0       0    5265       0       0       0       0       0       0       0     557       0       0       0       0       0       0       0       0       0       0       0       0       0       0    6199 
      0       0       0       0       0       0       0       0     846       0       0    2047       0    7894       0       0       0       0       0       0       0       0       0       0       0       0       0       0       0       0       0       0       0    5659 
   9870       0       0       0       0       0       0     360    3197       0       0    3474       0       0       0       0       0       0     474     211       0       0       0       0       0       0       0       0       0       0       0       0       0   17397 
  41267   37252  553673  363067   49241  622583  254157  219886  452778     308  174974   65843     310  101301   17344  208731   34295   89551  277900  162377     286   40041     203   50171    1268   74137     792   87758   14477    7241    6199    5659   17397       0 

