n = 34
      0  113367   72037  163645    1552  128518   53509       0   96664    1354   69976   74254     866   52723     101     824     265       0   37023     160       0      94       0       0     203     778  164254       0       0       0       0       0    9731   41457 
 113367       0  182708   13699       0   59769     316       0   34871   11930    5463    1222     364     550       0  106662       0       0       0       0       0    4433       0       0       0     238   72960       0       0    5829       0       0       0   27225 
  72037  182708       0    1026    9164   12759  140649  135242   55722    9168  121826  276722    5451   36783   38173   50466   60098   88106  207393   80231    8788   21221     144       7    1537    4048  135600       0       0       0       0       0       0  554282 
 163645   13699    1026       0   53425     537  249913   43351   61465   11053   90733  147949    7776   52627    6510  121145   41724   84412   89377   77592    1381   18900     344       0       0    1553   95615     711       0       0       0       0       0  349415 
   1552       0    9164   53425       0   22866    3074       0   24880       0     165   10357       0    5042       0       0       0       0    6631       0       0       0       0       0       0       0   61676       0       0       0       0       0       0   44585 
 128518   59769   12759     537   22866       0  187972   88062   54735   17933   67114  123193    4985   35466   10740   45670   42944   80230  236671   32914    1843   21467       0       0     344       0   82349       0       0       0       0       0       0  623368 
  53509     316  140649  249913    3074  187972       0   55297  160904    1887    6757    9825    7243  122271     235   27009    2542      57    1275       0    2110   24569       0    2378       0    5130   77420       0       0     967       0       0       0  253883 
      0       0  135242   43351       0   88062   55297       0   58984       0    1165   11535     511   10890       0     343       0       0    7394     332       0      65       0       0       0    6324   82568       0       0       0     408       0     362  204064 
  96664   34871   55722   61465   24880   54735  160904   58984       0   15412  107223   74526     108   17932   14746   63621   32439   59291  152684   28486    2061   52235       0       0     383     181   80631       0   14211       0       0     816    3234  453268 
   1354   11930    9168   11053       0   17933    1887       0   15412       0     416     317       0       0       0       0       0       0     464       0       0       0       0       0       0       0   58323       0       0       0       0       0       0     333 
  69976    5463  121826   90733     165   67114    6757    1165  107223     416       0   19361    1166   45164      76    8551     292    1769    1080    9900     629     719       0     684       0     765   71223       0       0     554    5295       0       0  209998 
  74254    1222  276722  147949   10357  123193    9825   11535   74526     317   19361       0    7708   17166    5434   11855    4938    6776    4234   38908    1403   10754       0       0       0       0   42807       0       0       0       0    1980    3440   71074 
    866     364    5451    7776       0    4985    7243     511     108       0    1166    7708       0       0    4352       0      43    3137    1970     209       2       0       0       0       0       0   36611       0       0       0       0       0       0     300 
  52723     550   36783   52627    5042   35466  122271   10890   17932       0   45164   17166       0       0   13463   15157    2970    5754   32596   20001      17    7809     490   59453       0       0   16570       0       0       0       0    2903       0  111547 
    101       0   38173    6510       0   10740     235       0   14746       0      76    5434    4352   13463       0       0       0    5453    5095       0       0       0     147       0       0       0   26740       0       0       0       0       0       0   12239 
    824  106662   50466  121145       0   45670   27009     343   63621       0    8551   11855       0   15157       0       0       0       0   12436       0     823       0       0     828      89    4206   13415       0       0       0       0       0       0  184017 
    265       0   60098   41724       0   42944    2542       0   32439       0     292    4938      43    2970       0       0       0       0     211       0       0       0       0       0       0      67    1647       0       0       0       0       0       0   39312 
      0       0   88106   84412       0   80230      57       0   59291       0    1769    6776    3137    5754    5453       0       0       0    3234   14757       0       0       0       0       0       0   36340       0       0       0       0       0       0   84570 
  37023       0  207393   89377    6631  236671    1275    7394  152684     464    1080    4234    1970   32596    5095   12436     211    3234       0    3540     180   33019       0       0       0   51651   24369       0       0       0     546       0     425  297959 
    160       0   80231   77592       0   32914       0     332   28486       0    9900   38908     209   20001       0       0       0   14757    3540       0       0       0       0       0      76       0    7402       0       0       0       0       0     240  162627 
      0       0    8788    1381       0    1843    2110       0    2061       0     629    1403       2      17       0     823       0       0     180       0       0       0       0      44       0       0    5779       0       0       0       0       0       0     308 
     94    4433   21221   18900       0   21467   24569      65   52235       0     719   10754       0    7809       0       0       0       0   33019       0       0       0       0       0       0       0   12756       0       0       0       0       0       0   44921 
      0       0     144     344       0       0       0       0       0       0       0       0       0     490     147       0       0       0       0       0       0       0       0       0       0       0     652       0       0       0       0       0       0     217 
      0       0       7       0       0       0    2378       0       0       0     684       0       0   59453       0     828       0       0       0       0      44       0       0       0       0       0     412       0       0       0       0       0       0   55322 
    203       0    1537       0       0     344       0       0     383       0       0       0       0       0       0      89       0       0       0      76       0       0       0       0       0       0      97       0       0       0       0       0       0    1183 
    778     238    4048    1553       0       0    5130    6324     181       0     765       0       0       0       0    4206      67       0   51651       0       0       0       0       0       0       0      57       0       0       0       0       0       0   74017 
 164254   72960  135600   95615   61676   82349   77420   82568   80631   58323   71223   42807   36611   16570   26740   13415    1647   36340   24369    7402    5779   12756     652     412      97      57       0       0       0       0       0       0       0     732 
      0       0       0     711       0       0       0       0       0       0       0       0       0       0       0       0       0       0       0       0       0       0       0       0       0       0       0       0       0       0       0       0       0   73066 
      0       0       0       0       0       0       0       0   14211       0       0       0       0       0       0       0       0       0       0       0       0       0       0       0       0       0       0       0       0       0       0       0       0   14391 
      0    5829       0       0       0       0     967       0       0       0     554       0       0       0       0       0       0       0       0       0       0       0       0       0       0       0       0       0       0       0       0       0       0   12409 
      0       0       0       0       0       0       0     408       0       0    5295       0       0       0       0       0       0       0     546       0       0       0       0       0       0       0       0       0       0       0       0       0       0    6173 
      0       0       0       0       0       0       0       0     816       0       0    1980       0    2903       0       0       0       0       0       0       0       0       0       0       0       0       0       0       0       0       0       0       0    5784 
   9731       0       0       0       0       0       0     362    3234       0       0    3440       0       0       0       0       0       0     425     240       0       0       0       0       0       0       0       0       0       0       0       0       0   17481 
  41457   27225  554282  349415   44585  623368  253883  204064  453268     333  209998   71074     300  111547   12239  184017   39312   84570  297959  162627     308   44921     217   55322    1183   74017     732   73066   14391   12409    6173    5784   17481       0 

