n = 34
      0  118197  102161  138980    1444  128464   53638       0  101335    1305   74475   64546     908   57665     101     765    5262       0   32061     195       0      95       0       0     208     876  194701       0       0       0       0       0    9783   41538 
 118197       0  163554   13591       0   74623     312       0   44964   12065    5446    1274     350     597       0   96302       0       0       0       0       0    4473       0       0       0     236   78336       0       0    5898       0       0       0   27363 
 102161  163554       0    1042   13946   12711  146470  125581   45768    9365  137531  267178    5618   42205   33513   45710   69793   87878  196802   85071    3776   21358     151       8    1530    3999  129855       0       0       0       0       0       0  534917 
 138980   13591    1042       0   53094     578  278789   48866   66372   16387   91123  148432    8002   47663    6311  131407   36644   63876   88961   63261    1386   18862     348       0       0    1522  120343     729       0       0       0       0       0  372684 
   1444       0   13946   53094       0   27627    2987       0   25161       0     211   10259       0    5011       0       0       0       0    1622       0       0       0       0       0       0       0   51740       0       0       0       0       0       0   49366 
 128464   74623   12711     578   27627       0  197615   67866   55249   12872   61631  133072    5019   30464   10773   45587   43264  100428  255766   32759    1822   26645       0       0     370       0   92396       0       0       0       0       0       0  601588 
  53638     312  146470  278789    2987  197615       0   60492  156924    1890    6669    9956    2241  117651     255   21986    2508      64    1257       0    2108   19535       0    2422       0   10101   67949       0       0     865       0       0       0  265402 
      0       0  125581   48866       0   67866   60492       0   58393       0    1145   11354     573   15892       0     346       0       0    7303     313       0      66       0       0       0   11238   72376       0       0       0     405       0     386  224296 
 101335   44964   45768   66372   25161   55249  156924   58393       0   10399   91820   69497      85   17986   14733   64107   27343   68810  148089   28903    2006   42553       0       0     420     219   85635       0   14327       0       0     935    3196  433333 
   1305   12065    9365   16387       0   12872    1890       0   10399       0     397     326       0       0       0       0       0       0     451       0       0       0       0       0       0       0   48302       0       0       0       0       0       0     324 
  74475    5446  137531   91123     211   61631    6669    1145   91820     397       0   14356    1171   44849      90    8460     287    1745    1015    9766     664     734       0     622       0     778   70892       0       0     539   10222       0       0  184486 
  64546    1274  267178  148432   10259  133072    9956   11354   69497     326   14356       0    2708   17422    5332   12134    9827    6846    4099   48429    1432   10796       0       0       0       1   37992       0       0       0       0    2063    3632   70336 
    908     350    5618    8002       0    5019    2241     573      85       0    1171    2708       0       0    4477       0      34    8186    1957     220       3       0       0       0       0       0   36613       0       0       0       0       0       0     318 
  57665     597   42205   47663    5011   30464  117651   15892   17986       0   44849   17422       0       0    8401   25297    2920    5671   28105   15137      23    7747     484   54654       0       0   11453       0       0       0       0    2986       0   91791 
    101       0   33513    6311       0   10773     255       0   14733       0      90    5332    4477    8401       0       0       0    5527    4931       0       0       0     159       0       0       0   21563       0       0       0       0       0       0   17470 
    765   96302   45710  131407       0   45587   21986     346   64107       0    8460   12134       0   25297       0       0       0       0    7379       0     777       0       0     863      91    4355   13206       0       0       0       0       0       0  178616 
   5262       0   69793   36644       0   43264    2508       0   27343       0     287    9827      34    2920       0       0       0       0     234       0       0       0       0       0       0      77    1672       0       0       0       0       0       0   39163 
      0       0   87878   63876       0  100428      64       0   68810       0    1745    6846    8186    5671    5527       0       0       0    3253   19871       0       0       0       0       0       0   30920       0       0       0       0       0       0   94974 
  32061       0  196802   88961    1622  255766    1257    7303  148089     451    1015    4099    1957   28105    4931    7379     234    3253       0    3431     173   33314       0       0       0   57168   19305       0       0       0     587       0    5447  322788 
    195       0   85071   63261       0   32759       0     313   28903       0    9766   48429     220   15137       0       0       0   19871    3431       0       0       0       0       0      78       0    7518       0       0       0       0       0     233  147181 
      0       0    3776    1386       0    1822    2108       0    2006       0     664    1432       3      23       0     777       0       0     173       0       0       0       0      30       0       0    5598       0       0       0       0       0       0     294 
     95    4473   21358   18862       0   26645   19535      66   42553       0     734   10796       0    7747       0       0       0       0   33314       0       0       0       0       0       0       0   12726       0       0       0       0       0       0   40247 
      0       0     151     348       0       0       0       0       0       0       0       0       0     484     159       0       0       0       0       0       0       0       0       0       0       0     646       0       0       0       0       0       0     178 
      0       0       8       0       0       0    2422       0       0       0     622       0       0   54654       0     863       0       0       0       0      30       0       0       0       0       0     393       0       0       0       0       0       0   44918 
    208       0    1530       0       0     370       0       0     420       0       0       0       0       0       0      91       0       0       0      78       0       0       0       0       0       0      75       0       0       0       0       0       0    1150 
    876     236    3999    1522       0       0   10101   11238     219       0     778       1       0       0       0    4355      77       0   57168       0       0       0       0       0       0       0      50       0       0       0       0       0       0   73969 
 194701   78336  129855  120343   51740   92396   67949   72376   85635   48302   70892   37992   36613   11453   21563   13206    1672   30920   19305    7518    5598   12726     646     393      75      50       0       0       0       0       0       0       0     746 
      0       0       0     729       0       0       0       0       0       0       0       0       0       0       0       0       0       0       0       0       0       0       0       0       0       0       0       0       0       0       0       0       0   73369 
      0       0       0       0       0       0       0       0   14327       0       0       0       0       0       0       0       0       0       0       0       0       0       0       0       0       0       0       0       0       0       0       0       0   19394 
      0    5898       0       0       0       0     865       0       0       0     539       0       0       0       0       0       0       0       0       0       0       0       0       0       0       0       0       0       0       0       0       0       0   17192 
      0       0       0       0       0       0       0     405       0       0   10222       0       0       0       0       0       0       0     587       0       0       0       0       0       0       0       0       0       0       0       0       0       0    6317 
      0       0       0       0       0       0       0       0     935       0       0    2063       0    2986       0       0       0       0       0       0       0       0       0       0       0       0       0       0       0       0       0       0       0    5820 
   9783       0       0       0       0       0       0     386    3196       0       0    3632       0       0       0       0       0       0    5447     233       0       0       0       0       0       0       0       0       0       0       0       0       0   22411 
  41538   27363  534917  372684   49366  601588  265402  224296  433333     324  184486   70336     318   91791   17470  178616   39163   94974  322788  147181     294   40247     178   44918    1150   73969     746   73369   19394   17192    6317    5820   22411       0 

