n = 41
      0  158155  484357  363981    4277  479388  448211     460  366133    3900  302828  291943    6681  174232    5358   26999    1289    1803   46246    5268       0     938       0       0   12663    1183      91     289   15919       0   29864   25607   22820    9116   13900    1861    1001       0    4356    1361  510535 
 158155       0  156485   82670    1192   91689   47930     184   49229   17033   14244    3397    1447    9613      96   37914       0     475   54869    2290       7   10633       0       6      83      31     236       0    3134       0     139    7647     173       0     101    4143       0       0       0     239  161383 
 484357  156485       0   20001  111583   58231  544148  901505  165035   20522  951390  880917    9907  264466   66636  217311  201272  566604  304931  214555    9284  125046   35832   16360   67987     511   40742    6096    2948   13967       0       0    1515     125     922   53027    1671       0       0       0 2269658 
 363981   82670   20001       0  182326   63901  458607  583211  214200   24723  655572  584493   12293  126074   82131  472392  101016  345827  213737  271020    3676   73418   34470    1155    9684     113    7781    2406  334009   19769      90     300    4605       0       0       0       0       0       0     144 2183347 
   4277    1192  111583  182326       0   63221   23415     656  124100      79    5921   29497     147   25064     155    1001      99     768   13744     784      68     177       0       0     227       0       0    1363      87       0    1547    4176    9496     324    1092       0       0       0     466       0  321050 
 479388   91689   58231   63901   63221       0  539317  703733  372852   23057  573453  812234    9343  154973  107893  314258  134223  452936  446153  290315    4105   92139   24969   13683   16931      34   60158    6132       0  188732     532       0   12800     155       0       0    6549       0       0     239 2206832 
 448211   47930  544148  458607   23415  539317       0  217389  393059    3561   98498   43623    4012  115829     773  124459   20204     634    2552     329    5021   55498    3098    4190     134    1320     769     483   51593   35398    1263   13983   21355   39768    3860       0   14365       0   10678    9518  464246 
    460     184  901505  583211     656  703733  217389       0  347707     390    9243   52913    2773   85903    1431    3948    1448    5746   19458     722      21    1194     148     596       0     264       0     958    1516       0   15150    4401   12764    5839    4170       0   10119       0     310     371 1269527 
 366133   49229  165035  214200  124100  372852  393059  347707       0   19206  431789  359433    1042   71879   49197  406747  176825  206795  240387   54598    5182   90861     309    2413   28787     459   54699     112    9846   35276    4878    4856       0    8087     971    2106       0       0     859       0  297305 
   3900   17033   20522   24723      79   23057    3561     390   19206       0    2651    1416     413      22       0       0       0       0    1058      94      47       0       0       0       5       0       0       0       0       0       0       0       0       0       0       0       0       0       0       0   88284 
 302828   14244  951390  655572    5921  573453   98498    9243  431789    2651       0   49349    5563  144264   11025   49521     933   23513    9855   58133    2851    2778       0    9401       0     928      81    9124   57732       0   16464   12655   24828   10368   18280    4362    3840    8706       0     127 1719200 
 291943    3397  880917  584493   29497  812234   43623   52913  359433    1416   49349       0    8415  121424   72769   71432   26764   62582    7831  225932    4439   82406    1374    7270     153     221       0     432    5951    7840   21814   61635   14904   12438   25586     656    1094       0    2114    1220  575636 
   6681    1447    9907   12293     147    9343    4012    2773    1042     413    5563    8415       0      77    7138     782     163    4580   12762    1161     156     406       0       0       6     130     135      89       0       0       0       0       0       0       0       0       0       0       0       0   75532 
 174232    9613  264466  126074   25064  154973  115829   85903   71879      22  144264  121424      77       0   32730   89083    4934  202944  126653   51712     372   73824   22503  281202    3103     135    8108    1095       0   16959    2068    1757    7117    5482       0       0       0       0       0       0  263039 
   5358      96   66636   82131     155  107893     773    1431   49197       0   11025   72769    7138   32730       0     802     246   36860   27504     522       0     429    7115       0       0       0       0      99       0       0   14030    3444    1164     281     689       0    8758       0       0       0  140597 
  26999   37914  217311  472392    1001  314258  124459    3948  406747       0   49521   71432     782   89083     802       0     259    1911   29854    1287    3931      97      92     303    3525       5       0     487     173    1359   14186    4677   21964    3938    3782       0    1770       0    6531       0  553632 
   1289       0  201272  101016      99  134223   20204    1448  176825       0     933   26764     163    4934     246     259       0       0   18261     113       0      89       0       0     601     231       6     129    1391       0    4408   10458   17326    2476     857       0    1078       0     283     248  129960 
   1803     475  566604  345827     768  452936     634    5746  206795       0   23513   62582    4580  202944   36860    1911       0       0   16780   88277    4365    3714     237       0       0       0     265    2337    4479       0   39213    6025    8752    7905    2026      83   11220       0    8423    5982  800326 
  46246   54869  304931  213737   13744  446153    2552   19458  240387    1058    9855    7831   12762  126653   27504   29854   18261   16780       0   40037    1178   17613      81    3046       0     397     351     790     282       0    9350   12870   22669    2999    6398       0    5472       0    1006    1030  332655 
   5268    2290  214555  271020     784  290315     329     722   54598      94   58133  225932    1161   51712     522    1287     113   88277   40037       0       0     188       0     214   14579       0       0     511     648    3101    5885    3103    8267     365   14551    1545    8875       0       0     442  689908 
      0       7    9284    3676      68    4105    5021      21    5182      47    2851    4439     156     372       0    3931       0    4365    1178       0       0    1480       0     124       0       0       0      19       0       0       0       0       0       0       0       0       0       0       0       0   25851 
    938   10633  125046   73418     177   92139   55498    1194   90861       0    2778   82406     406   73824     429      97      89    3714   17613     188    1480       0       0       0       0      67       0     780    1382       0    3493    7024    1422    5251    5504       0     105       0     562       0  125097 
      0       0   35832   34470       0   24969    3098     148     309       0       0    1374       0   22503    7115      92       0     237      81       0       0       0       0       0       0       0       0       0     182       0       0   10058       0       0       0       0    1126       0       0       0   65420 
      0       6   16360    1155       0   13683    4190     596    2413       0    9401    7270       0  281202       0     303       0       0    3046     214     124       0       0       0      23       0       0       5       0       0       0     653     684       0     107       0       0     249       0       0  229511 
  12663      83   67987    9684     227   16931     134       0   28787       5       0     153       6    3103       0    3525     601       0       0   14579       0       0       0      23       0       0       0     263     855       0     968    1190     451     191    3186     307       0       0       0       0   13348 
   1183      31     511     113       0      34    1320     264     459       0     928     221     130     135       0       5     231       0     397       0       0      67       0       0       0       0       0       0       0       0       0       0       0       0       0       0       0       0       0       0       0 
     91     236   40742    7781       0   60158     769       0   54699       0      81       0     135    8108       0       0       6     265     351       0       0       0       0       0       0       0       0     115    1422       0     198       0    1281     168       0     480       0       0       0     419   31455 
    289       0    6096    2406    1363    6132     483     958     112       0    9124     432      89    1095      99     487     129    2337     790     511      19     780       0       5     263       0     115       0       0       0     226       0       0     168       0       0       0       0       0       0    2846 
  15919    3134    2948  334009      87       0   51593    1516    9846       0   57732    5951       0       0       0     173    1391    4479     282     648       0    1382     182       0     855       0    1422       0       0  176914       0       0       0       0       0       0       0       0       0       0    3114 
      0       0   13967   19769       0  188732   35398       0   35276       0       0    7840       0   16959       0    1359       0       0       0    3101       0       0       0       0       0       0       0       0  176914       0       0       0     148       0       0   37479     412       0       0       0    1067 
  29864     139       0      90    1547     532    1263   15150    4878       0   16464   21814       0    2068   14030   14186    4408   39213    9350    5885       0    3493       0       0     968       0     198     226       0       0       0       0       0       0       0       0       0       0       0       0  137031 
  25607    7647       0     300    4176       0   13983    4401    4856       0   12655   61635       0    1757    3444    4677   10458    6025   12870    3103       0    7024   10058     653    1190       0       0       0       0       0       0       0       0       0       0       0       0       0       0       0   56049 
  22820     173    1515    4605    9496   12800   21355   12764       0       0   24828   14904       0    7117    1164   21964   17326    8752   22669    8267       0    1422       0     684     451       0    1281       0       0     148       0       0       0       0       0       0       0       0       0       0    5535 
   9116       0     125       0     324     155   39768    5839    8087       0   10368   12438       0    5482     281    3938    2476    7905    2999     365       0    5251       0       0     191       0     168     168       0       0       0       0       0       0       0       0       0       0       0       0    5604 
  13900     101     922       0    1092       0    3860    4170     971       0   18280   25586       0       0     689    3782     857    2026    6398   14551       0    5504       0     107    3186       0       0       0       0       0       0       0       0       0       0       0       0       0       0       0   10148 
   1861    4143   53027       0       0       0       0       0    2106       0    4362     656       0       0       0       0       0      83       0    1545       0       0       0       0     307       0     480       0       0   37479       0       0       0       0       0       0       0       0       0       0       0 
   1001       0    1671       0       0    6549   14365   10119       0       0    3840    1094       0       0    8758    1770    1078   11220    5472    8875       0     105    1126       0       0       0       0       0       0     412       0       0       0       0       0       0       0       0       0       0    7503 
      0       0       0       0       0       0       0       0       0       0    8706       0       0       0       0       0       0       0       0       0       0       0       0     249       0       0       0       0       0       0       0       0       0       0       0       0       0       0       0       0   68138 
   4356       0       0       0     466       0   10678     310     859       0       0    2114       0       0       0    6531     283    8423    1006       0       0     562       0       0       0       0       0       0       0       0       0       0       0       0       0       0       0       0       0       0    1171 
   1361     239       0     144       0     239    9518     371       0       0     127    1220       0       0       0       0     248    5982    1030     442       0       0       0       0       0       0     419       0       0       0       0       0       0       0       0       0       0       0       0       0     921 
 510535  161383 2269658 2183347  321050 2206832  464246 1269527  297305   88284 1719200  575636   75532  263039  140597  553632  129960  800326  332655  689908   25851  125097   65420  229511   13348       0   31455    2846    3114    1067  137031   56049    5535    5604   10148       0    7503   68138    1171     921       0 

