n = 41
      0  122750   76997   77136    1549   76310   61203     215   80496    1455   54108   51971    1089   35593     820    5328       0       0    9448     433       0      92       0       0    1259     203  174321    4139       0    2553     930    6139    1497    3753       0     215       0       0     686       0   55037 
 122750       0  119426   28090       0   38046    6249       0   38180   12155    5869    1466     321     874       0   10696       0       0   16572     577       0    4695       0       0       0       0   67885       0       0       0    5714       0       0       0    1198       0       0       0       0       0   20520 
  76997  119426       0    5140   16767   12502   87462   70652   23232   10665  169206  161263    5701   25970   17126   38291   51107   87441   37676   35197    8642   16492   14806    4274    3274       0  132579     995    2061       0       0     484       0       0    8052     439       0    2189       0       0  129364 
  77136   28090    5140       0   76758     714  118557   61618   20025   11567  105780   95305    7754   31610   12851   70130   18602   38086   37069   42572    1375   15005    6551       0     198       3   96399   54042    1147       0       0    4013       0       0       0       0       0    1138       0       0  209143 
   1549       0   16767   76758       0    9560    2292       0   24326       0     648    5861       0    4353       0       0       0       0    3044       0       0       0       0       0     198       0   66626       0       0       0    1615    1621       0       0       0       0       0     440       0       0   37331 
  76310   38046   12502     714    9560       0  168172   94301   78726   12914   97254  134858    5025   32551   30614   71103   18702  156864   80396   28052    1836   15428    7939       0    1985       0   82509       0   34363     190       0    1221       0       0       0    3582       0    1350       0       0  292047 
  61203    6249   87462  118557    2292  168172       0   57454   76881    1824   14427    4244    2220   22039     238   13878    1580      49    1486       0    2341    9533       0    3029       0     280   63426       0    3832       0     185    1260    5911    1652       0    1721       0       0    1698    1743  112057 
    215       0   70652   61618       0   94301   57454       0   48008       0    1145   13781     577   13365       0    3536       0     200   13299     215       0      73       0       0       0       3   67423     182       0    2588       0    1716    1584       0       0    4673       0     314       0       0   53860 
  80496   38180   23232   20025   24326   78726   76881   48008       0   10460  101894   49766      97    8466    4921   72738   26601   29973   36298   11014    2225   18180     182       0    4134     195   63017    1250    3304       0     240       0     212       0       0       0       0       0     281       0   39891 
   1455   12155   10665   11567       0   12914    1824       0   10460       0     404     333       0       0       0       0       0       0     457       0       0       0       0       0       0       0   53442       0       0       0       0       0       0       0       0       0       0       0       0       0    5112 
  54108    5869  169206  105780     648   97254   14427    1145  101894     404       0   16997    1151   36715    1137    4385       0    3755    1480   14589     949     477       0     441       0      34   70742   19732       0    2095    3194    5608       0    6766    1004     317     265    2004       0       0  274785 
  51971    1466  161263   95305    5861  134858    4244   13781   49766     333   16997       0    2649   33328    5645   11229    2968   11459    1294   22051    1236   14272       0    4458       0       1   40960    3071    2889    5454    7452    7946    1299    4650       0     365       0       0     776     282   61576 
   1089     321    5701    7754       0    5025    2220     577      97       0    1151    2649       0       0    6306       0      35    3098    2213     203       6       0       0       0       0       0   36644       0       0       0       0       0       0       0       0       0       0       0       0       0    3565 
  35593     874   25970   31610    4353   32551   22039   13365    8466       0   36715   33328       0       0    6161   16968     384   68079   26461   11690      19   15676    1564   28690     213       0   12720       0     181     228       0     776    1605       0       0       0       0       0       0       0   80493 
    820       0   17126   12851       0   30614     238       0    4921       0    1137    5645    6306    6161       0       0       0    5293    2903       0       0       0    2501       0       0       0   21628       0       0       0    1605       0       0       0       0     696       0       0       0       0   12031 
   5328   10696   38291   70130       0   71103   13878    3536   72738       0    4385   11229       0   16968       0       0       0       0    2665       0     793       0       0       0      99       0    8322       0       0    3935     661    4888     182       0       0       0       0       0     307       0   73498 
      0       0   51107   18602       0   18702    1580       0   26601       0       0    2968      35     384       0       0       0       0    1691       0       0       0       0       0       0      60    1623       0       0       0    1673    4086       0       0       0     334       0       0       0       0   22720 
      0       0   87441   38086       0  156864      49     200   29973       0    3755   11459    3098   68079    5293       0       0       0    4701    5375       0       0       0       0       0       0   31158    1310       0    3790    1119     543     182       0       0     415       0     483     550    1929   99418 
   9448   16572   37676   37069    3044   80396    1486   13299   36298     457    1480    1294    2213   26461    2903    2665    1691    4701       0    4921     157    5126       0       0       0     125   19223       0       0     934     657    5577       0     526       0     430       0       0       0     468   54115 
    433     577   35197   42572       0   28052       0     215   11014       0   14589   22051     203   11690       0       0       0    5375    4921       0       0       0       0       0    1079       0    7492       0       0    1293    1205    1189       0     499     280     696       0       0       0       0   72377 
      0       0    8642    1375       0    1836    2341       0    2225       0     949    1236       6      19       0     793       0       0     157       0       0       0       0      37       0       0    5785       0       0       0       0       0       0       0       0       0       0       0       0       0     259 
     92    4695   16492   15005       0   15428    9533      73   18180       0     477   14272       0   15676       0       0       0       0    5126       0       0       0       0       0       0       0   17767       0       0     859    1248     919     337     526       0       0       0     249       0       0    8906 
      0       0   14806    6551       0    7939       0       0     182       0       0       0       0    1564    2501       0       0       0       0       0       0       0       0       0       0       0     645     182       0       0       0       0       0       0       0       0       0       0       0       0    3352 
      0       0    4274       0       0       0    3029       0       0       0     441    4458       0   28690       0       0       0       0       0       0      37       0       0       0       0       0     421       0       0       0       0       0       0       0       0       0       0       0       0       0   16026 
   1259       0    3274     198     198    1985       0       0    4134       0       0       0       0     213       0      99       0       0       0    1079       0       0       0       0       0       0      73     566       0     484     449       0       0    1147       0       0       0       0       0       0    5306 
    203       0       0       3       0       0     280       3     195       0      34       1       0       0       0       0      60       0     125       0       0       0       0       0       0       0      60       0       0       0       0       0       0       0       0       0       0       0       0       0       0 
 174321   67885  132579   96399   66626   82509   63426   67423   63017   53442   70742   40960   36644   12720   21628    8322    1623   31158   19223    7492    5785   17767     645     421      73      60       0       0       0       0       0     554       0       0       0       0       0       0       0       0    4511 
   4139       0     995   54042       0       0       0     182    1250       0   19732    3071       0       0       0       0       0    1310       0       0       0       0     182       0     566       0       0       0   24602       0       0       0       0       0       0       0       0       0       0       0     592 
      0       0    2061    1147       0   34363    3832       0    3304       0       0    2889       0     181       0       0       0       0       0       0       0       0       0       0       0       0       0   24602       0       0       0       0       0       0    5386       0       0       0       0       0     181 
   2553       0       0       0       0     190       0    2588       0       0    2095    5454       0     228       0    3935       0    3790     934    1293       0     859       0       0     484       0       0       0       0       0       0       0       0       0       0       0       0       0       0       0       0 
    930    5714       0       0    1615       0     185       0     240       0    3194    7452       0       0    1605     661    1673    1119     657    1205       0    1248       0       0     449       0       0       0       0       0       0       0       0       0       0       0       0       0       0       0    8045 
   6139       0     484    4013    1621    1221    1260    1716       0       0    5608    7946       0     776       0    4888    4086     543    5577    1189       0     919       0       0       0       0     554       0       0       0       0       0       0       0       0       0       0       0       0       0     856 
   1497       0       0       0       0       0    5911    1584     212       0       0    1299       0    1605       0     182       0     182       0       0       0     337       0       0       0       0       0       0       0       0       0       0       0       0       0       0       0       0       0       0     624 
   3753       0       0       0       0       0    1652       0       0       0    6766    4650       0       0       0       0       0       0     526     499       0     526       0       0    1147       0       0       0       0       0       0       0       0       0       0       0       0       0       0       0    4864 
      0    1198    8052       0       0       0       0       0       0       0    1004       0       0       0       0       0       0       0       0     280       0       0       0       0       0       0       0       0    5386       0       0       0       0       0       0       0       0       0       0       0     182 
    215       0     439       0       0    3582    1721    4673       0       0     317     365       0       0     696       0     334     415     430     696       0       0       0       0       0       0       0       0       0       0       0       0       0       0       0       0       0       0       0       0    1154 
      0       0       0       0       0       0       0       0       0       0     265       0       0       0       0       0       0       0       0       0       0       0       0       0       0       0       0       0       0       0       0       0       0       0       0       0       0       0       0       0     265 
      0       0    2189    1138     440    1350       0     314       0       0    2004       0       0       0       0       0       0     483       0       0       0     249       0       0       0       0       0       0       0       0       0       0       0       0       0       0       0       0       0       0     190 
    686       0       0       0       0       0    1698       0     281       0       0     776       0       0       0     307       0     550       0       0       0       0       0       0       0       0       0       0       0       0       0       0       0       0       0       0       0       0       0       0     195 
      0       0       0       0       0       0    1743       0       0       0       0     282       0       0       0       0       0    1929     468       0       0       0       0       0       0       0       0       0       0       0       0       0       0       0       0       0       0       0       0       0       0 
  55037   20520  129364  209143   37331  292047  112057   53860   39891    5112  274785   61576    3565   80493   12031   73498   22720   99418   54115   72377     259    8906    3352   16026    5306       0    4511     592     181       0    8045     856     624    4864     182    1154     265     190     195       0       0 

