n = 41
      0  129579   79132   95858    1503   83517   73593     215   64946    2235   42858   50140    1428   42177     837    2791       0       0    7969     435       0     114     182       0    6225     197  193721     200       0    2019    2741    1706    1061    2118       0       0       0       0     686     287   74484 
 129579       0  115789   34415       0   36586    7516       0   26476   11813    5673    1228     357    1910       0   10252       0       0   16564       0       0    4534       0       0       0       0   58454    1448       0       0       0       0       0       0       0       0       0       0       0       0   20800 
  79132  115789       0    5010   16157   12103  102510   98028   41629   14908  166109  187132    6347   22574   19405   39624   58126   87281   56118   28801    3670   13690    5726    3305    5676       0  126493     416    2593       0       0       0       0     255    5206       0       0     845       0       0  618777 
  95858   34415    5010       0   69773    2483   69541   83915   26643   11750  173384  109579    7721   38269   28501   53991   20017   39219   41861   30574    1430   14912   11337     410    1267       5   91150   44768    2711       0       0       0       0       0       0       0       0     628       0       0  282941 
   1503       0   16157   69773       0    7256    3380       0   28196       0    1122    6547       0    6236       0       0       0       0    1877     189       0       0       0       0       0       0   55925       0       0     195     181     875       0       0       0       0       0     192       0       0   19728 
  83517   36586   12103    2483    7256       0  157255  142075   46835   12847  133567  113168    5010   28235   33248   43772   29813   67986   88854   51193    1833   16039    5623    2822    1482       0   80733       0   27616       0       0    7094       0       0       0    3582       0     614       0       0  715771 
  73593    7516  102510   69541    3380  157255       0   62549   86617    1905   10872    8381    2257   24069     228   16065    6108      55    1297       0    2297   12555       0       0       0     267   53470    5736    9130       0     225    1746    8061    2629       0    4945       0       0    1244    1370  103311 
    215       0   98028   83915       0  142075   62549       0   54426       0    3764    6098     578   14588       0       0     194     829    6901     465       0      70       0       0       0       4   67566     351       0    2839     183    2445     990       0       0    3947       0     314       0       0   92295 
  64946   26476   41629   26643   28196   46835   86617   54426       0   10467   76362   69938      88   13527    8893   58868   27964   34263   48785    7316    7229   11991     182     333    3836     183   67928     755    4616     183    1385       0     699       0     446       0       0       0     281       0   21395 
   2235   11813   14908   11750       0   12847    1905       0   10467       0     431     315       0       0       0       0       0       0     485       0       0       0       0       0       0       0   58917       0       0       0       0       0       0       0       0       0       0       0       0       0    1854 
  42858    5673  166109  173384    1122  133567   10872    3764   76362     431       0    9359    1158   31318    2620    4139       0    2684    1205    6774     660     637       0       0       0      23   71129    8080       0    6289    2873    9821    6852    7214       0     940     265    1367       0       0  345586 
  50140    1228  187132  109579    6547  113168    8381    6098   69938     315    9359       0    7634   19543   25832   10730    3072   14921    3550   43989    1099   12675     193       0       0       1   36307       0    2013    1801   12048    1044    6879    5534       0       0       0       0       0       0   70177 
   1428     357    6347    7721       0    5010    2257     578      88       0    1158    7634       0       0    9506       0      41    3273    2020     190       5       0       0       0       0       0   31392       0       0       0       0       0       0       0       0       0       0       0       0       0    1320 
  42177    1910   22574   38269    6236   28235   24069   14588   13527       0   31318   19543       0       0    7385   14017     776   21825   28041   13242      14   11512    3748   14211     654       0   12156       0    1284     558       0     189     575       0       0       0       0     229       0       0   27116 
    837       0   19405   28501       0   33248     228       0    8893       0    2620   25832    9506    7385       0       0       0    5851    5483       0       0       0     343       0       0       0   21865       0       0       0     521       0     183       0       0    1207       0       0       0       0   15107 
   2791   10252   39624   53991       0   43772   16065       0   58868       0    4139   10730       0   14017       0       0       0       0    3520     521     814       0       0       0      81       0    8300       0       0    3505       0    1739       0       0       0     337       0     279     307       0   51363 
      0       0   58126   20017       0   29813    6108     194   27964       0       0    3072      41     776       0       0       0       0    7882       0       0       0       0       0       0      66    1583       0       0     226    1083    1963    1066       0       0       0       0       0       0       0   15086 
      0       0   87281   39219       0   67986      55     829   34263       0    2684   14921    3273   21825    5851       0       0       0    2798   12185    4326     579       0       0       0       0   30947     314       0    3817     883       0    2355     181       0    5135       0       0     951    1082   83538 
   7969   16564   56118   41861    1877   88854    1297    6901   48785     485    1205    3550    2020   28041    5483    3520    7882    2798       0    7495     203    5927       0       0       0     141   19310       0       0     433     245    3762    1485     346       0    1262       0     229       0       0   37381 
    435       0   28801   30574     189   51193       0     465    7316       0    6774   43989     190   13242       0     521       0   12185    7495       0       0     181       0       0    2174       0    7513     450     588    1615     912     762     183    6774     581    1207       0       0       0       0  112083 
      0       0    3670    1430       0    1833    2297       0    7229       0     660    1099       5      14       0     814       0    4326     203       0       0       0       0      41       0       0    5865       0       0       0       0       0       0       0       0       0       0       0       0       0    4326 
    114    4534   13690   14912       0   16039   12555      70   11991       0     637   12675       0   11512       0       0       0     579    5927     181       0       0       0       0       0       0   12734     761       0     250     880       0    1115       0       0       0       0     282     275       0   13769 
    182       0    5726   11337       0    5623       0       0     182       0       0     193       0    3748     343       0       0       0       0       0       0       0       0       0       0       0     619     182       0       0       0       0       0       0       0     412       0       0       0       0   18885 
      0       0    3305     410       0    2822       0       0     333       0       0       0       0   14211       0       0       0       0       0       0      41       0       0       0       0       0     429       0       0       0       0       0       0       0       0       0       0       0       0       0    7929 
   6225       0    5676    1267       0    1482       0       0    3836       0       0       0       0     654       0      81       0       0       0    2174       0       0       0       0       0       0      82       0       0       0     449     348     191     549       0       0       0       0       0       0     753 
    197       0       0       5       0       0     267       4     183       0      23       1       0       0       0       0      66       0     141       0       0       0       0       0       0       0      77       0       0       0       0       0       0       0       0       0       0       0       0       0       0 
 193721   58454  126493   91150   55925   80733   53470   67566   67928   58917   71129   36307   31392   12156   21865    8300    1583   30947   19310    7513    5865   12734     619     429      82      77       0    1317       0       0       0       0       0       0       0       0       0       0       0       0    2252 
    200    1448     416   44768       0       0    5736     351     755       0    8080       0       0       0       0       0       0     314       0     450       0     761     182       0       0       0    1317       0   26399       0       0       0       0       0       0       0       0       0       0       0     815 
      0       0    2593    2711       0   27616    9130       0    4616       0       0    2013       0    1284       0       0       0       0       0     588       0       0       0       0       0       0       0   26399       0       0       0       0       0       0    4178       0       0       0       0       0     364 
   2019       0       0       0     195       0       0    2839     183       0    6289    1801       0     558       0    3505     226    3817     433    1615       0     250       0       0       0       0       0       0       0       0       0       0       0       0       0       0       0       0       0       0    5123 
   2741       0       0       0     181       0     225     183    1385       0    2873   12048       0       0     521       0    1083     883     245     912       0     880       0       0     449       0       0       0       0       0       0       0       0       0       0       0       0       0       0       0    6364 
   1706       0       0       0     875    7094    1746    2445       0       0    9821    1044       0     189       0    1739    1963       0    3762     762       0       0       0       0     348       0       0       0       0       0       0       0       0       0       0       0       0       0       0       0     594 
   1061       0       0       0       0       0    8061     990     699       0    6852    6879       0     575     183       0    1066    2355    1485     183       0    1115       0       0     191       0       0       0       0       0       0       0       0       0       0       0       0       0       0       0     760 
   2118       0     255       0       0       0    2629       0       0       0    7214    5534       0       0       0       0       0     181     346    6774       0       0       0       0     549       0       0       0       0       0       0       0       0       0       0       0       0       0       0       0     964 
      0       0    5206       0       0       0       0       0     446       0       0       0       0       0       0       0       0       0       0     581       0       0       0       0       0       0       0       0    4178       0       0       0       0       0       0       0       0       0       0       0       0 
      0       0       0       0       0    3582    4945    3947       0       0     940       0       0       0    1207     337       0    5135    1262    1207       0       0     412       0       0       0       0       0       0       0       0       0       0       0       0       0       0       0       0       0    1262 
      0       0       0       0       0       0       0       0       0       0     265       0       0       0       0       0       0       0       0       0       0       0       0       0       0       0       0       0       0       0       0       0       0       0       0       0       0       0       0       0     265 
      0       0     845     628     192     614       0     314       0       0    1367       0       0     229       0     279       0       0     229       0       0     282       0       0       0       0       0       0       0       0       0       0       0       0       0       0       0       0       0       0     229 
    686       0       0       0       0       0    1244       0     281       0       0       0       0       0       0     307       0     951       0       0       0     275       0       0       0       0       0       0       0       0       0       0       0       0       0       0       0       0       0       0     643 
    287       0       0       0       0       0    1370       0       0       0       0       0       0       0       0       0       0    1082       0       0       0       0       0       0       0       0       0       0       0       0       0       0       0       0       0       0       0       0       0       0       0 
  74484   20800  618777  282941   19728  715771  103311   92295   21395    1854  345586   70177    1320   27116   15107   51363   15086   83538   37381  112083    4326   13769   18885    7929     753       0    2252     815     364    5123    6364     594     760     964       0    1262     265     229     643       0       0 

