n = 140
  0 204 323 408 473 527 572 612 646 677 705 731 754 776 204 259 345 419 480 532 576 614 648 679 707 732 755 777 323 345 395 449 500 545 586 622 654 684 710 735 758 779 408 419 449 487 527 565 601 633 663 691 717 741 763 783 473 480 500 527 557 589 619 648 676 701 725 748 769 789 527 532 545 565 589 614 640 665 690 713 735 756 776 795 572 576 586 601 619 640 662 684 705 726 747 766 785 803 612 614 622 633 648 665 684 703 722 741 759 777 794 811 646 648 654 663 676 690 705 722 738 755 772 789 805 820 677 679 684 691 701 713 726 741 755 770 786 801 816 830 
204   0 204 323 408 473 527 572 612 646 677 705 731 754 259 204 259 345 419 480 532 576 614 648 679 707 732 755 345 323 345 395 449 500 545 586 622 654 684 710 735 758 419 408 419 449 487 527 565 601 633 663 691 717 741 763 480 473 480 500 527 557 589 619 648 676 701 725 748 769 532 527 532 545 565 589 614 640 665 690 713 735 756 776 576 572 576 586 601 619 640 662 684 705 726 747 766 785 614 612 614 622 633 648 665 684 703 722 741 759 777 794 648 646 648 654 663 676 690 705 722 738 755 772 789 805 679 677 679 684 691 701 713 726 741 755 770 786 801 816 
323 204   0 204 323 408 473 527 572 612 646 677 705 731 345 259 204 259 345 419 480 532 576 614 648 679 707 732 395 345 323 345 395 449 500 545 586 622 654 684 710 735 449 419 408 419 449 487 527 565 601 633 663 691 717 741 500 480 473 480 500 527 557 589 619 648 676 701 725 748 545 532 527 532 545 565 589 614 640 665 690 713 735 756 586 576 572 576 586 601 619 640 662 684 705 726 747 766 622 614 612 614 622 633 648 665 684 703 722 741 759 777 654 648 646 648 654 663 676 690 705 722 738 755 772 789 684 679 677 679 684 691 701 713 726 741 755 770 786 801 
408 323 204   0 204 323 408 473 527 572 612 646 677 705 419 345 259 204 259 345 419 480 532 576 614 648 679 707 449 395 345 323 345 395 449 500 545 586 622 654 684 710 487 449 419 408 419 449 487 527 565 601 633 663 691 717 527 500 480 473 480 500 527 557 589 619 648 676 701 725 565 545 532 527 532 545 565 589 614 640 665 690 713 735 601 586 576 572 576 586 601 619 640 662 684 705 726 747 633 622 614 612 614 622 633 648 665 684 703 722 741 759 663 654 648 646 648 654 663 676 690 705 722 738 755 772 691 684 679 677 679 684 691 701 713 726 741 755 770 786 
473 408 323 204   0 204 323 408 473 527 572 612 646 677 480 419 345 259 204 259 345 419 480 532 576 614 648 679 500 449 395 345 323 345 395 449 500 545 586 622 654 684 527 487 449 419 408 419 449 487 527 565 601 633 663 691 557 527 500 480 473 480 500 527 557 589 619 648 676 701 589 565 545 532 527 532 545 565 589 614 640 665 690 713 619 601 586 576 572 576 586 601 619 640 662 684 705 726 648 633 622 614 612 614 622 633 648 665 684 703 722 741 676 663 654 648 646 648 654 663 676 690 705 722 738 755 701 691 684 679 677 679 684 691 701 713 726 741 755 770 
527 473 408 323 204   0 204 323 408 473 527 572 612 646 532 480 419 345 259 204 259 345 419 480 532 576 614 648 545 500 449 395 345 323 345 395 449 500 545 586 622 654 565 527 487 449 419 408 419 449 487 527 565 601 633 663 589 557 527 500 480 473 480 500 527 557 589 619 648 676 614 589 565 545 532 527 532 545 565 589 614 640 665 690 640 619 601 586 576 572 576 586 601 619 640 662 684 705 665 648 633 622 614 612 614 622 633 648 665 684 703 722 690 676 663 654 648 646 648 654 663 676 690 705 722 738 713 701 691 684 679 677 679 684 691 701 713 726 741 755 
572 527 473 408 323 204   0 204 323 408 473 527 572 612 576 532 480 419 345 259 204 259 345 419 480 532 576 614 586 545 500 449 395 345 323 345 395 449 500 545 586 622 601 565 527 487 449 419 408 419 449 487 527 565 601 633 619 589 557 527 500 480 473 480 500 527 557 589 619 648 640 614 589 565 545 532 527 532 545 565 589 614 640 665 662 640 619 601 586 576 572 576 586 601 619 640 662 684 684 665 648 633 622 614 612 614 622 633 648 665 684 703 705 690 676 663 654 648 646 648 654 663 676 690 705 722 726 713 701 691 684 679 677 679 684 691 701 713 726 741 
612 572 527 473 408 323 204   0 204 323 408 473 527 572 614 576 532 480 419 345 259 204 259 345 419 480 532 576 622 586 545 500 449 395 345 323 345 395 449 500 545 586 633 601 565 527 487 449 419 408 419 449 487 527 565 601 648 619 589 557 527 500 480 473 480 500 527 557 589 619 665 640 614 589 565 545 532 527 532 545 565 589 614 640 684 662 640 619 601 586 576 572 576 586 601 619 640 662 703 684 665 648 633 622 614 612 614 622 633 648 665 684 722 705 690 676 663 654 648 646 648 654 663 676 690 705 741 726 713 701 691 684 679 677 679 684 691 701 713 726 
646 612 572 527 473 408 323 204   0 204 323 408 473 527 648 614 576 532 480 419 345 259 204 259 345 419 480 532 654 622 586 545 500 449 395 345 323 345 395 449 500 545 663 633 601 565 527 487 449 419 408 419 449 487 527 565 676 648 619 589 557 527 500 480 473 480 500 527 557 589 690 665 640 614 589 565 545 532 527 532 545 565 589 614 705 684 662 640 619 601 586 576 572 576 586 601 619 640 722 703 684 665 648 633 622 614 612 614 622 633 648 665 738 722 705 690 676 663 654 648 646 648 654 663 676 690 755 741 726 713 701 691 684 679 677 679 684 691 701 713 
677 646 612 572 527 473 408 323 204   0 204 323 408 473 679 648 614 576 532 480 419 345 259 204 259 345 419 480 684 654 622 586 545 500 449 395 345 323 345 395 449 500 691 663 633 601 565 527 487 449 419 408 419 449 487 527 701 676 648 619 589 557 527 500 480 473 480 500 527 557 713 690 665 640 614 589 565 545 532 527 532 545 565 589 726 705 684 662 640 619 601 586 576 572 576 586 601 619 741 722 703 684 665 648 633 622 614 612 614 622 633 648 755 738 722 705 690 676 663 654 648 646 648 654 663 676 770 755 741 726 713 701 691 684 679 677 679 684 691 701 
705 677 646 612 572 527 473 408 323 204   0 204 323 408 707 679 648 614 576 532 480 419 345 259 204 259 345 419 710 684 654 622 586 545 500 449 395 345 323 345 395 449 717 691 663 633 601 565 527 487 449 419 408 419 449 487 725 701 676 648 619 589 557 527 500 480 473 480 500 527 735 713 690 665 640 614 589 565 545 532 527 532 545 565 747 726 705 684 662 640 619 601 586 576 572 576 586 601 759 741 722 703 684 665 648 633 622 614 612 614 622 633 772 755 738 722 705 690 676 663 654 648 646 648 654 663 786 770 755 741 726 713 701 691 684 679 677 679 684 691 
731 705 677 646 612 572 527 473 408 323 204   0 204 323 732 707 679 648 614 576 532 480 419 345 259 204 259 345 735 710 684 654 622 586 545 500 449 395 345 323 345 395 741 717 691 663 633 601 565 527 487 449 419 408 419 449 748 725 701 676 648 619 589 557 527 500 480 473 480 500 756 735 713 690 665 640 614 589 565 545 532 527 532 545 766 747 726 705 684 662 640 619 601 586 576 572 576 586 777 759 741 722 703 684 665 648 633 622 614 612 614 622 789 772 755 738 722 705 690 676 663 654 648 646 648 654 801 786 770 755 741 726 713 701 691 684 679 677 679 684 
754 731 705 677 646 612 572 527 473 408 323 204   0 204 755 732 707 679 648 614 576 532 480 419 345 259 204 259 758 735 710 684 654 622 586 545 500 449 395 345 323 345 763 741 717 691 663 633 601 565 527 487 449 419 408 419 769 748 725 701 676 648 619 589 557 527 500 480 473 480 776 756 735 713 690 665 640 614 589 565 545 532 527 532 785 766 747 726 705 684 662 640 619 601 586 576 572 576 794 777 759 741 722 703 684 665 648 633 622 614 612 614 805 789 772 755 738 722 705 690 676 663 654 648 646 648 816 801 786 770 755 741 726 713 701 691 684 679 677 679 
776 754 731 705 677 646 612 572 527 473 408 323 204   0 777 755 732 707 679 648 614 576 532 480 419 345 259 204 779 758 735 710 684 654 622 586 545 500 449 395 345 323 783 763 741 717 691 663 633 601 565 527 487 449 419 408 789 769 748 725 701 676 648 619 589 557 527 500 480 473 795 776 756 735 713 690 665 640 614 589 565 545 532 527 803 785 766 747 726 705 684 662 640 619 601 586 576 572 811 794 777 759 741 722 703 684 665 648 633 622 614 612 820 805 789 772 755 738 722 705 690 676 663 654 648 646 830 816 801 786 770 755 741 726 713 701 691 684 679 677 
204 259 345 419 480 532 576 614 648 679 707 732 755 777   0 204 323 408 473 527 572 612 646 677 705 731 754 776 204 259 345 419 480 532 576 614 648 679 707 732 755 777 323 345 395 449 500 545 586 622 654 684 710 735 758 779 408 419 449 487 527 565 601 633 663 691 717 741 763 783 473 480 500 527 557 589 619 648 676 701 725 748 769 789 527 532 545 565 589 614 640 665 690 713 735 756 776 795 572 576 586 601 619 640 662 684 705 726 747 766 785 803 612 614 622 633 648 665 684 703 722 741 759 777 794 811 646 648 654 663 676 690 705 722 738 755 772 789 805 820 
259 204 259 345 419 480 532 576 614 648 679 707 732 755 204   0 204 323 408 473 527 572 612 646 677 705 731 754 259 204 259 345 419 480 532 576 614 648 679 707 732 755 345 323 345 395 449 500 545 586 622 654 684 710 735 758 419 408 419 449 487 527 565 601 633 663 691 717 741 763 480 473 480 500 527 557 589 619 648 676 701 725 748 769 532 527 532 545 565 589 614 640 665 690 713 735 756 776 576 572 576 586 601 619 640 662 684 705 726 747 766 785 614 612 614 622 633 648 665 684 703 722 741 759 777 794 648 646 648 654 663 676 690 705 722 738 755 772 789 805 
345 259 204 259 345 419 480 532 576 614 648 679 707 732 323 204   0 204 323 408 473 527 572 612 646 677 705 731 345 259 204 259 345 419 480 532 576 614 648 679 707 732 395 345 323 345 395 449 500 545 586 622 654 684 710 735 449 419 408 419 449 487 527 565 601 633 663 691 717 741 500 480 473 480 500 527 557 589 619 648 676 701 725 748 545 532 527 532 545 565 589 614 640 665 690 713 735 756 586 576 572 576 586 601 619 640 662 684 705 726 747 766 622 614 612 614 622 633 648 665 684 703 722 741 759 777 654 648 646 648 654 663 676 690 705 722 738 755 772 789 
419 345 259 204 259 345 419 480 532 576 614 648 679 707 408 323 204   0 204 323 408 473 527 572 612 646 677 705 419 345 259 204 259 345 419 480 532 576 614 648 679 707 449 395 345 323 345 395 449 500 545 586 622 654 684 710 487 449 419 408 419 449 487 527 565 601 633 663 691 717 527 500 480 473 480 500 527 557 589 619 648 676 701 725 565 545 532 527 532 545 565 589 614 640 665 690 713 735 601 586 576 572 576 586 601 619 640 662 684 705 726 747 633 622 614 612 614 622 633 648 665 684 703 722 741 759 663 654 648 646 648 654 663 676 690 705 722 738 755 772 
480 419 345 259 204 259 345 419 480 532 576 614 648 679 473 408 323 204   0 204 323 408 473 527 572 612 646 677 480 419 345 259 204 259 345 419 480 532 576 614 648 679 500 449 395 345 323 345 395 449 500 545 586 622 654 684 527 487 449 419 408 419 449 487 527 565 601 633 663 691 557 527 500 480 473 480 500 527 557 589 619 648 676 701 589 565 545 532 527 532 545 565 589 614 640 665 690 713 619 601 586 576 572 576 586 601 619 640 662 684 705 726 648 633 622 614 612 614 622 633 648 665 684 703 722 741 676 663 654 648 646 648 654 663 676 690 705 722 738 755 
532 480 419 345 259 204 259 345 419 480 532 576 614 648 527 473 408 323 204   0 204 323 408 473 527 572 612 646 532 480 419 345 259 204 259 345 419 480 532 576 614 648 545 500 449 395 345 323 345 395 449 500 545 586 622 654 565 527 487 449 419 408 419 449 487 527 565 601 633 663 589 557 527 500 480 473 480 500 527 557 589 619 648 676 614 589 565 545 532 527 532 545 565 589 614 640 665 690 640 619 601 586 576 572 576 586 601 619 640 662 684 705 665 648 633 622 614 612 614 622 633 648 665 684 703 722 690 676 663 654 648 646 648 654 663 676 690 705 722 738 
576 532 480 419 345 259 204 259 345 419 480 532 576 614 572 527 473 408 323 204   0 204 323 408 473 527 572 612 576 532 480 419 345 259 204 259 345 419 480 532 576 614 586 545 500 449 395 345 323 345 395 449 500 545 586 622 601 565 527 487 449 419 408 419 449 487 527 565 601 633 619 589 557 527 500 480 473 480 500 527 557 589 619 648 640 614 589 565 545 532 527 532 545 565 589 614 640 665 662 640 619 601 586 576 572 576 586 601 619 640 662 684 684 665 648 633 622 614 612 614 622 633 648 665 684 703 705 690 676 663 654 648 646 648 654 663 676 690 705 722 
614 576 532 480 419 345 259 204 259 345 419 480 532 576 612 572 527 473 408 323 204   0 204 323 408 473 527 572 614 576 532 480 419 345 259 204 259 345 419 480 532 576 622 586 545 500 449 395 345 323 345 395 449 500 545 586 633 601 565 527 487 449 419 408 419 449 487 527 565 601 648 619 589 557 527 500 480 473 480 500 527 557 589 619 665 640 614 589 565 545 532 527 532 545 565 589 614 640 684 662 640 619 601 586 576 572 576 586 601 619 640 662 703 684 665 648 633 622 614 612 614 622 633 648 665 684 722 705 690 676 663 654 648 646 648 654 663 676 690 705 
648 614 576 532 480 419 345 259 204 259 345 419 480 532 646 612 572 527 473 408 323 204   0 204 323 408 473 527 648 614 576 532 480 419 345 259 204 259 345 419 480 532 654 622 586 545 500 449 395 345 323 345 395 449 500 545 663 633 601 565 527 487 449 419 408 419 449 487 527 565 676 648 619 589 557 527 500 480 473 480 500 527 557 589 690 665 640 614 589 565 545 532 527 532 545 565 589 614 705 684 662 640 619 601 586 576 572 576 586 601 619 640 722 703 684 665 648 633 622 614 612 614 622 633 648 665 738 722 705 690 676 663 654 648 646 648 654 663 676 690 
679 648 614 576 532 480 419 345 259 204 259 345 419 480 677 646 612 572 527 473 408 323 204   0 204 323 408 473 679 648 614 576 532 480 419 345 259 204 259 345 419 480 684 654 622 586 545 500 449 395 345 323 345 395 449 500 691 663 633 601 565 527 487 449 419 408 419 449 487 527 701 676 648 619 589 557 527 500 480 473 480 500 527 557 713 690 665 640 614 589 565 545 532 527 532 545 565 589 726 705 684 662 640 619 601 586 576 572 576 586 601 619 741 722 703 684 665 648 633 622 614 612 614 622 633 648 755 738 722 705 690 676 663 654 648 646 648 654 663 676 
707 679 648 614 576 532 480 419 345 259 204 259 345 419 705 677 646 612 572 527 473 408 323 204   0 204 323 408 707 679 648 614 576 532 480 419 345 259 204 259 345 419 710 684 654 622 586 545 500 449 395 345 323 345 395 449 717 691 663 633 601 565 527 487 449 419 408 419 449 487 725 701 676 648 619 589 557 527 500 480 473 480 500 527 735 713 690 665 640 614 589 565 545 532 527 532 545 565 747 726 705 684 662 640 619 601 586 576 572 576 586 601 759 741 722 703 684 665 648 633 622 614 612 614 622 633 772 755 738 722 705 690 676 663 654 648 646 648 654 663 
732 707 679 648 614 576 532 480 419 345 259 204 259 345 731 705 677 646 612 572 527 473 408 323 204   0 204 323 732 707 679 648 614 576 532 480 419 345 259 204 259 345 735 710 684 654 622 586 545 500 449 395 345 323 345 395 741 717 691 663 633 601 565 527 487 449 419 408 419 449 748 725 701 676 648 619 589 557 527 500 480 473 480 500 756 735 713 690 665 640 614 589 565 545 532 527 532 545 766 747 726 705 684 662 640 619 601 586 576 572 576 586 777 759 741 722 703 684 665 648 633 622 614 612 614 622 789 772 755 738 722 705 690 676 663 654 648 646 648 654 
755 732 707 679 648 614 576 532 480 419 345 259 204 259 754 731 705 677 646 612 572 527 473 408 323 204   0 204 755 732 707 679 648 614 576 532 480 419 345 259 204 259 758 735 710 684 654 622 586 545 500 449 395 345 323 345 763 741 717 691 663 633 601 565 527 487 449 419 408 419 769 748 725 701 676 648 619 589 557 527 500 480 473 480 776 756 735 713 690 665 640 614 589 565 545 532 527 532 785 766 747 726 705 684 662 640 619 601 586 576 572 576 794 777 759 741 722 703 684 665 648 633 622 614 612 614 805 789 772 755 738 722 705 690 676 663 654 648 646 648 
777 755 732 707 679 648 614 576 532 480 419 345 259 204 776 754 731 705 677 646 612 572 527 473 408 323 204   0 777 755 732 707 679 648 614 576 532 480 419 345 259 204 779 758 735 710 684 654 622 586 545 500 449 395 345 323 783 763 741 717 691 663 633 601 565 527 487 449 419 408 789 769 748 725 701 676 648 619 589 557 527 500 480 473 795 776 756 735 713 690 665 640 614 589 565 545 532 527 803 785 766 747 726 705 684 662 640 619 601 586 576 572 811 794 777 759 741 722 703 684 665 648 633 622 614 612 820 805 789 772 755 738 722 705 690 676 663 654 648 646 
323 345 395 449 500 545 586 622 654 684 710 735 758 779 204 259 345 419 480 532 576 614 648 679 707 732 755 777   0 204 323 408 473 527 572 612 646 677 705 731 754 776 204 259 345 419 480 532 576 614 648 679 707 732 755 777 323 345 395 449 500 545 586 622 654 684 710 735 758 779 408 419 449 487 527 565 601 633 663 691 717 741 763 783 473 480 500 527 557 589 619 648 676 701 725 748 769 789 527 532 545 565 589 614 640 665 690 713 735 756 776 795 572 576 586 601 619 640 662 684 705 726 747 766 785 803 612 614 622 633 648 665 684 703 722 741 759 777 794 811 
345 323 345 395 449 500 545 586 622 654 684 710 735 758 259 204 259 345 419 480 532 576 614 648 679 707 732 755 204   0 204 323 408 473 527 572 612 646 677 705 731 754 259 204 259 345 419 480 532 576 614 648 679 707 732 755 345 323 345 395 449 500 545 586 622 654 684 710 735 758 419 408 419 449 487 527 565 601 633 663 691 717 741 763 480 473 480 500 527 557 589 619 648 676 701 725 748 769 532 527 532 545 565 589 614 640 665 690 713 735 756 776 576 572 576 586 601 619 640 662 684 705 726 747 766 785 614 612 614 622 633 648 665 684 703 722 741 759 777 794 
395 345 323 345 395 449 500 545 586 622 654 684 710 735 345 259 204 259 345 419 480 532 576 614 648 679 707 732 323 204   0 204 323 408 473 527 572 612 646 677 705 731 345 259 204 259 345 419 480 532 576 614 648 679 707 732 395 345 323 345 395 449 500 545 586 622 654 684 710 735 449 419 408 419 449 487 527 565 601 633 663 691 717 741 500 480 473 480 500 527 557 589 619 648 676 701 725 748 545 532 527 532 545 565 589 614 640 665 690 713 735 756 586 576 572 576 586 601 619 640 662 684 705 726 747 766 622 614 612 614 622 633 648 665 684 703 722 741 759 777 
449 395 345 323 345 395 449 500 545 586 622 654 684 710 419 345 259 204 259 345 419 480 532 576 614 648 679 707 408 323 204   0 204 323 408 473 527 572 612 646 677 705 419 345 259 204 259 345 419 480 532 576 614 648 679 707 449 395 345 323 345 395 449 500 545 586 622 654 684 710 487 449 419 408 419 449 487 527 565 601 633 663 691 717 527 500 480 473 480 500 527 557 589 619 648 676 701 725 565 545 532 527 532 545 565 589 614 640 665 690 713 735 601 586 576 572 576 586 601 619 640 662 684 705 726 747 633 622 614 612 614 622 633 648 665 684 703 722 741 759 
500 449 395 345 323 345 395 449 500 545 586 622 654 684 480 419 345 259 204 259 345 419 480 532 576 614 648 679 473 408 323 204   0 204 323 408 473 527 572 612 646 677 480 419 345 259 204 259 345 419 480 532 576 614 648 679 500 449 395 345 323 345 395 449 500 545 586 622 654 684 527 487 449 419 408 419 449 487 527 565 601 633 663 691 557 527 500 480 473 480 500 527 557 589 619 648 676 701 589 565 545 532 527 532 545 565 589 614 640 665 690 713 619 601 586 576 572 576 586 601 619 640 662 684 705 726 648 633 622 614 612 614 622 633 648 665 684 703 722 741 
545 500 449 395 345 323 345 395 449 500 545 586 622 654 532 480 419 345 259 204 259 345 419 480 532 576 614 648 527 473 408 323 204   0 204 323 408 473 527 572 612 646 532 480 419 345 259 204 259 345 419 480 532 576 614 648 545 500 449 395 345 323 345 395 449 500 545 586 622 654 565 527 487 449 419 408 419 449 487 527 565 601 633 663 589 557 527 500 480 473 480 500 527 557 589 619 648 676 614 589 565 545 532 527 532 545 565 589 614 640 665 690 640 619 601 586 576 572 576 586 601 619 640 662 684 705 665 648 633 622 614 612 614 622 633 648 665 684 703 722 
586 545 500 449 395 345 323 345 395 449 500 545 586 622 576 532 480 419 345 259 204 259 345 419 480 532 576 614 572 527 473 408 323 204   0 204 323 408 473 527 572 612 576 532 480 419 345 259 204 259 345 419 480 532 576 614 586 545 500 449 395 345 323 345 395 449 500 545 586 622 601 565 527 487 449 419 408 419 449 487 527 565 601 633 619 589 557 527 500 480 473 480 500 527 557 589 619 648 640 614 589 565 545 532 527 532 545 565 589 614 640 665 662 640 619 601 586 576 572 576 586 601 619 640 662 684 684 665 648 633 622 614 612 614 622 633 648 665 684 703 
622 586 545 500 449 395 345 323 345 395 449 500 545 586 614 576 532 480 419 345 259 204 259 345 419 480 532 576 612 572 527 473 408 323 204   0 204 323 408 473 527 572 614 576 532 480 419 345 259 204 259 345 419 480 532 576 622 586 545 500 449 395 345 323 345 395 449 500 545 586 633 601 565 527 487 449 419 408 419 449 487 527 565 601 648 619 589 557 527 500 480 473 480 500 527 557 589 619 665 640 614 589 565 545 532 527 532 545 565 589 614 640 684 662 640 619 601 586 576 572 576 586 601 619 640 662 703 684 665 648 633 622 614 612 614 622 633 648 665 684 
654 622 586 545 500 449 395 345 323 345 395 449 500 545 648 614 576 532 480 419 345 259 204 259 345 419 480 532 646 612 572 527 473 408 323 204   0 204 323 408 473 527 648 614 576 532 480 419 345 259 204 259 345 419 480 532 654 622 586 545 500 449 395 345 323 345 395 449 500 545 663 633 601 565 527 487 449 419 408 419 449 487 527 565 676 648 619 589 557 527 500 480 473 480 500 527 557 589 690 665 640 614 589 565 545 532 527 532 545 565 589 614 705 684 662 640 619 601 586 576 572 576 586 601 619 640 722 703 684 665 648 633 622 614 612 614 622 633 648 665 
684 654 622 586 545 500 449 395 345 323 345 395 449 500 679 648 614 576 532 480 419 345 259 204 259 345 419 480 677 646 612 572 527 473 408 323 204   0 204 323 408 473 679 648 614 576 532 480 419 345 259 204 259 345 419 480 684 654 622 586 545 500 449 395 345 323 345 395 449 500 691 663 633 601 565 527 487 449 419 408 419 449 487 527 701 676 648 619 589 557 527 500 480 473 480 500 527 557 713 690 665 640 614 589 565 545 532 527 532 545 565 589 726 705 684 662 640 619 601 586 576 572 576 586 601 619 741 722 703 684 665 648 633 622 614 612 614 622 633 648 
710 684 654 622 586 545 500 449 395 345 323 345 395 449 707 679 648 614 576 532 480 419 345 259 204 259 345 419 705 677 646 612 572 527 473 408 323 204   0 204 323 408 707 679 648 614 576 532 480 419 345 259 204 259 345 419 710 684 654 622 586 545 500 449 395 345 323 345 395 449 717 691 663 633 601 565 527 487 449 419 408 419 449 487 725 701 676 648 619 589 557 527 500 480 473 480 500 527 735 713 690 665 640 614 589 565 545 532 527 532 545 565 747 726 705 684 662 640 619 601 586 576 572 576 586 601 759 741 722 703 684 665 648 633 622 614 612 614 622 633 
735 710 684 654 622 586 545 500 449 395 345 323 345 395 732 707 679 648 614 576 532 480 419 345 259 204 259 345 731 705 677 646 612 572 527 473 408 323 204   0 204 323 732 707 679 648 614 576 532 480 419 345 259 204 259 345 735 710 684 654 622 586 545 500 449 395 345 323 345 395 741 717 691 663 633 601 565 527 487 449 419 408 419 449 748 725 701 676 648 619 589 557 527 500 480 473 480 500 756 735 713 690 665 640 614 589 565 545 532 527 532 545 766 747 726 705 684 662 640 619 601 586 576 572 576 586 777 759 741 722 703 684 665 648 633 622 614 612 614 622 
758 735 710 684 654 622 586 545 500 449 395 345 323 345 755 732 707 679 648 614 576 532 480 419 345 259 204 259 754 731 705 677 646 612 572 527 473 408 323 204   0 204 755 732 707 679 648 614 576 532 480 419 345 259 204 259 758 735 710 684 654 622 586 545 500 449 395 345 323 345 763 741 717 691 663 633 601 565 527 487 449 419 408 419 769 748 725 701 676 648 619 589 557 527 500 480 473 480 776 756 735 713 690 665 640 614 589 565 545 532 527 532 785 766 747 726 705 684 662 640 619 601 586 576 572 576 794 777 759 741 722 703 684 665 648 633 622 614 612 614 
779 758 735 710 684 654 622 586 545 500 449 395 345 323 777 755 732 707 679 648 614 576 532 480 419 345 259 204 776 754 731 705 677 646 612 572 527 473 408 323 204   0 777 755 732 707 679 648 614 576 532 480 419 345 259 204 779 758 735 710 684 654 622 586 545 500 449 395 345 323 783 763 741 717 691 663 633 601 565 527 487 449 419 408 789 769 748 725 701 676 648 619 589 557 527 500 480 473 795 776 756 735 713 690 665 640 614 589 565 545 532 527 803 785 766 747 726 705 684 662 640 619 601 586 576 572 811 794 777 759 741 722 703 684 665 648 633 622 614 612 
408 419 449 487 527 565 601 633 663 691 717 741 763 783 323 345 395 449 500 545 586 622 654 684 710 735 758 779 204 259 345 419 480 532 576 614 648 679 707 732 755 777   0 204 323 408 473 527 572 612 646 677 705 731 754 776 204 259 345 419 480 532 576 614 648 679 707 732 755 777 323 345 395 449 500 545 586 622 654 684 710 735 758 779 408 419 449 487 527 565 601 633 663 691 717 741 763 783 473 480 500 527 557 589 619 648 676 701 725 748 769 789 527 532 545 565 589 614 640 665 690 713 735 756 776 795 572 576 586 601 619 640 662 684 705 726 747 766 785 803 
419 408 419 449 487 527 565 601 633 663 691 717 741 763 345 323 345 395 449 500 545 586 622 654 684 710 735 758 259 204 259 345 419 480 532 576 614 648 679 707 732 755 204   0 204 323 408 473 527 572 612 646 677 705 731 754 259 204 259 345 419 480 532 576 614 648 679 707 732 755 345 323 345 395 449 500 545 586 622 654 684 710 735 758 419 408 419 449 487 527 565 601 633 663 691 717 741 763 480 473 480 500 527 557 589 619 648 676 701 725 748 769 532 527 532 545 565 589 614 640 665 690 713 735 756 776 576 572 576 586 601 619 640 662 684 705 726 747 766 785 
449 419 408 419 449 487 527 565 601 633 663 691 717 741 395 345 323 345 395 449 500 545 586 622 654 684 710 735 345 259 204 259 345 419 480 532 576 614 648 679 707 732 323 204   0 204 323 408 473 527 572 612 646 677 705 731 345 259 204 259 345 419 480 532 576 614 648 679 707 732 395 345 323 345 395 449 500 545 586 622 654 684 710 735 449 419 408 419 449 487 527 565 601 633 663 691 717 741 500 480 473 480 500 527 557 589 619 648 676 701 725 748 545 532 527 532 545 565 589 614 640 665 690 713 735 756 586 576 572 576 586 601 619 640 662 684 705 726 747 766 
487 449 419 408 419 449 487 527 565 601 633 663 691 717 449 395 345 323 345 395 449 500 545 586 622 654 684 710 419 345 259 204 259 345 419 480 532 576 614 648 679 707 408 323 204   0 204 323 408 473 527 572 612 646 677 705 419 345 259 204 259 345 419 480 532 576 614 648 679 707 449 395 345 323 345 395 449 500 545 586 622 654 684 710 487 449 419 408 419 449 487 527 565 601 633 663 691 717 527 500 480 473 480 500 527 557 589 619 648 676 701 725 565 545 532 527 532 545 565 589 614 640 665 690 713 735 601 586 576 572 576 586 601 619 640 662 684 705 726 747 
527 487 449 419 408 419 449 487 527 565 601 633 663 691 500 449 395 345 323 345 395 449 500 545 586 622 654 684 480 419 345 259 204 259 345 419 480 532 576 614 648 679 473 408 323 204   0 204 323 408 473 527 572 612 646 677 480 419 345 259 204 259 345 419 480 532 576 614 648 679 500 449 395 345 323 345 395 449 500 545 586 622 654 684 527 487 449 419 408 419 449 487 527 565 601 633 663 691 557 527 500 480 473 480 500 527 557 589 619 648 676 701 589 565 545 532 527 532 545 565 589 614 640 665 690 713 619 601 586 576 572 576 586 601 619 640 662 684 705 726 
565 527 487 449 419 408 419 449 487 527 565 601 633 663 545 500 449 395 345 323 345 395 449 500 545 586 622 654 532 480 419 345 259 204 259 345 419 480 532 576 614 648 527 473 408 323 204   0 204 323 408 473 527 572 612 646 532 480 419 345 259 204 259 345 419 480 532 576 614 648 545 500 449 395 345 323 345 395 449 500 545 586 622 654 565 527 487 449 419 408 419 449 487 527 565 601 633 663 589 557 527 500 480 473 480 500 527 557 589 619 648 676 614 589 565 545 532 527 532 545 565 589 614 640 665 690 640 619 601 586 576 572 576 586 601 619 640 662 684 705 
601 565 527 487 449 419 408 419 449 487 527 565 601 633 586 545 500 449 395 345 323 345 395 449 500 545 586 622 576 532 480 419 345 259 204 259 345 419 480 532 576 614 572 527 473 408 323 204   0 204 323 408 473 527 572 612 576 532 480 419 345 259 204 259 345 419 480 532 576 614 586 545 500 449 395 345 323 345 395 449 500 545 586 622 601 565 527 487 449 419 408 419 449 487 527 565 601 633 619 589 557 527 500 480 473 480 500 527 557 589 619 648 640 614 589 565 545 532 527 532 545 565 589 614 640 665 662 640 619 601 586 576 572 576 586 601 619 640 662 684 
633 601 565 527 487 449 419 408 419 449 487 527 565 601 622 586 545 500 449 395 345 323 345 395 449 500 545 586 614 576 532 480 419 345 259 204 259 345 419 480 532 576 612 572 527 473 408 323 204   0 204 323 408 473 527 572 614 576 532 480 419 345 259 204 259 345 419 480 532 576 622 586 545 500 449 395 345 323 345 395 449 500 545 586 633 601 565 527 487 449 419 408 419 449 487 527 565 601 648 619 589 557 527 500 480 473 480 500 527 557 589 619 665 640 614 589 565 545 532 527 532 545 565 589 614 640 684 662 640 619 601 586 576 572 576 586 601 619 640 662 
663 633 601 565 527 487 449 419 408 419 449 487 527 565 654 622 586 545 500 449 395 345 323 345 395 449 500 545 648 614 576 532 480 419 345 259 204 259 345 419 480 532 646 612 572 527 473 408 323 204   0 204 323 408 473 527 648 614 576 532 480 419 345 259 204 259 345 419 480 532 654 622 586 545 500 449 395 345 323 345 395 449 500 545 663 633 601 565 527 487 449 419 408 419 449 487 527 565 676 648 619 589 557 527 500 480 473 480 500 527 557 589 690 665 640 614 589 565 545 532 527 532 545 565 589 614 705 684 662 640 619 601 586 576 572 576 586 601 619 640 
691 663 633 601 565 527 487 449 419 408 419 449 487 527 684 654 622 586 545 500 449 395 345 323 345 395 449 500 679 648 614 576 532 480 419 345 259 204 259 345 419 480 677 646 612 572 527 473 408 323 204   0 204 323 408 473 679 648 614 576 532 480 419 345 259 204 259 345 419 480 684 654 622 586 545 500 449 395 345 323 345 395 449 500 691 663 633 601 565 527 487 449 419 408 419 449 487 527 701 676 648 619 589 557 527 500 480 473 480 500 527 557 713 690 665 640 614 589 565 545 532 527 532 545 565 589 726 705 684 662 640 619 601 586 576 572 576 586 601 619 
717 691 663 633 601 565 527 487 449 419 408 419 449 487 710 684 654 622 586 545 500 449 395 345 323 345 395 449 707 679 648 614 576 532 480 419 345 259 204 259 345 419 705 677 646 612 572 527 473 408 323 204   0 204 323 408 707 679 648 614 576 532 480 419 345 259 204 259 345 419 710 684 654 622 586 545 500 449 395 345 323 345 395 449 717 691 663 633 601 565 527 487 449 419 408 419 449 487 725 701 676 648 619 589 557 527 500 480 473 480 500 527 735 713 690 665 640 614 589 565 545 532 527 532 545 565 747 726 705 684 662 640 619 601 586 576 572 576 586 601 
741 717 691 663 633 601 565 527 487 449 419 408 419 449 735 710 684 654 622 586 545 500 449 395 345 323 345 395 732 707 679 648 614 576 532 480 419 345 259 204 259 345 731 705 677 646 612 572 527 473 408 323 204   0 204 323 732 707 679 648 614 576 532 480 419 345 259 204 259 345 735 710 684 654 622 586 545 500 449 395 345 323 345 395 741 717 691 663 633 601 565 527 487 449 419 408 419 449 748 725 701 676 648 619 589 557 527 500 480 473 480 500 756 735 713 690 665 640 614 589 565 545 532 527 532 545 766 747 726 705 684 662 640 619 601 586 576 572 576 586 
763 741 717 691 663 633 601 565 527 487 449 419 408 419 758 735 710 684 654 622 586 545 500 449 395 345 323 345 755 732 707 679 648 614 576 532 480 419 345 259 204 259 754 731 705 677 646 612 572 527 473 408 323 204   0 204 755 732 707 679 648 614 576 532 480 419 345 259 204 259 758 735 710 684 654 622 586 545 500 449 395 345 323 345 763 741 717 691 663 633 601 565 527 487 449 419 408 419 769 748 725 701 676 648 619 589 557 527 500 480 473 480 776 756 735 713 690 665 640 614 589 565 545 532 527 532 785 766 747 726 705 684 662 640 619 601 586 576 572 576 
783 763 741 717 691 663 633 601 565 527 487 449 419 408 779 758 735 710 684 654 622 586 545 500 449 395 345 323 777 755 732 707 679 648 614 576 532 480 419 345 259 204 776 754 731 705 677 646 612 572 527 473 408 323 204   0 777 755 732 707 679 648 614 576 532 480 419 345 259 204 779 758 735 710 684 654 622 586 545 500 449 395 345 323 783 763 741 717 691 663 633 601 565 527 487 449 419 408 789 769 748 725 701 676 648 619 589 557 527 500 480 473 795 776 756 735 713 690 665 640 614 589 565 545 532 527 803 785 766 747 726 705 684 662 640 619 601 586 576 572 
473 480 500 527 557 589 619 648 676 701 725 748 769 789 408 419 449 487 527 565 601 633 663 691 717 741 763 783 323 345 395 449 500 545 586 622 654 684 710 735 758 779 204 259 345 419 480 532 576 614 648 679 707 732 755 777   0 204 323 408 473 527 572 612 646 677 705 731 754 776 204 259 345 419 480 532 576 614 648 679 707 732 755 777 323 345 395 449 500 545 586 622 654 684 710 735 758 779 408 419 449 487 527 565 601 633 663 691 717 741 763 783 473 480 500 527 557 589 619 648 676 701 725 748 769 789 527 532 545 565 589 614 640 665 690 713 735 756 776 795 
480 473 480 500 527 557 589 619 648 676 701 725 748 769 419 408 419 449 487 527 565 601 633 663 691 717 741 763 345 323 345 395 449 500 545 586 622 654 684 710 735 758 259 204 259 345 419 480 532 576 614 648 679 707 732 755 204   0 204 323 408 473 527 572 612 646 677 705 731 754 259 204 259 345 419 480 532 576 614 648 679 707 732 755 345 323 345 395 449 500 545 586 622 654 684 710 735 758 419 408 419 449 487 527 565 601 633 663 691 717 741 763 480 473 480 500 527 557 589 619 648 676 701 725 748 769 532 527 532 545 565 589 614 640 665 690 713 735 756 776 
500 480 473 480 500 527 557 589 619 648 676 701 725 748 449 419 408 419 449 487 527 565 601 633 663 691 717 741 395 345 323 345 395 449 500 545 586 622 654 684 710 735 345 259 204 259 345 419 480 532 576 614 648 679 707 732 323 204   0 204 323 408 473 527 572 612 646 677 705 731 345 259 204 259 345 419 480 532 576 614 648 679 707 732 395 345 323 345 395 449 500 545 586 622 654 684 710 735 449 419 408 419 449 487 527 565 601 633 663 691 717 741 500 480 473 480 500 527 557 589 619 648 676 701 725 748 545 532 527 532 545 565 589 614 640 665 690 713 735 756 
527 500 480 473 480 500 527 557 589 619 648 676 701 725 487 449 419 408 419 449 487 527 565 601 633 663 691 717 449 395 345 323 345 395 449 500 545 586 622 654 684 710 419 345 259 204 259 345 419 480 532 576 614 648 679 707 408 323 204   0 204 323 408 473 527 572 612 646 677 705 419 345 259 204 259 345 419 480 532 576 614 648 679 707 449 395 345 323 345 395 449 500 545 586 622 654 684 710 487 449 419 408 419 449 487 527 565 601 633 663 691 717 527 500 480 473 480 500 527 557 589 619 648 676 701 725 565 545 532 527 532 545 565 589 614 640 665 690 713 735 
557 527 500 480 473 480 500 527 557 589 619 648 676 701 527 487 449 419 408 419 449 487 527 565 601 633 663 691 500 449 395 345 323 345 395 449 500 545 586 622 654 684 480 419 345 259 204 259 345 419 480 532 576 614 648 679 473 408 323 204   0 204 323 408 473 527 572 612 646 677 480 419 345 259 204 259 345 419 480 532 576 614 648 679 500 449 395 345 323 345 395 449 500 545 586 622 654 684 527 487 449 419 408 419 449 487 527 565 601 633 663 691 557 527 500 480 473 480 500 527 557 589 619 648 676 701 589 565 545 532 527 532 545 565 589 614 640 665 690 713 
589 557 527 500 480 473 480 500 527 557 589 619 648 676 565 527 487 449 419 408 419 449 487 527 565 601 633 663 545 500 449 395 345 323 345 395 449 500 545 586 622 654 532 480 419 345 259 204 259 345 419 480 532 576 614 648 527 473 408 323 204   0 204 323 408 473 527 572 612 646 532 480 419 345 259 204 259 345 419 480 532 576 614 648 545 500 449 395 345 323 345 395 449 500 545 586 622 654 565 527 487 449 419 408 419 449 487 527 565 601 633 663 589 557 527 500 480 473 480 500 527 557 589 619 648 676 614 589 565 545 532 527 532 545 565 589 614 640 665 690 
619 589 557 527 500 480 473 480 500 527 557 589 619 648 601 565 527 487 449 419 408 419 449 487 527 565 601 633 586 545 500 449 395 345 323 345 395 449 500 545 586 622 576 532 480 419 345 259 204 259 345 419 480 532 576 614 572 527 473 408 323 204   0 204 323 408 473 527 572 612 576 532 480 419 345 259 204 259 345 419 480 532 576 614 586 545 500 449 395 345 323 345 395 449 500 545 586 622 601 565 527 487 449 419 408 419 449 487 527 565 601 633 619 589 557 527 500 480 473 480 500 527 557 589 619 648 640 614 589 565 545 532 527 532 545 565 589 614 640 665 
648 619 589 557 527 500 480 473 480 500 527 557 589 619 633 601 565 527 487 449 419 408 419 449 487 527 565 601 622 586 545 500 449 395 345 323 345 395 449 500 545 586 614 576 532 480 419 345 259 204 259 345 419 480 532 576 612 572 527 473 408 323 204   0 204 323 408 473 527 572 614 576 532 480 419 345 259 204 259 345 419 480 532 576 622 586 545 500 449 395 345 323 345 395 449 500 545 586 633 601 565 527 487 449 419 408 419 449 487 527 565 601 648 619 589 557 527 500 480 473 480 500 527 557 589 619 665 640 614 589 565 545 532 527 532 545 565 589 614 640 
676 648 619 589 557 527 500 480 473 480 500 527 557 589 663 633 601 565 527 487 449 419 408 419 449 487 527 565 654 622 586 545 500 449 395 345 323 345 395 449 500 545 648 614 576 532 480 419 345 259 204 259 345 419 480 532 646 612 572 527 473 408 323 204   0 204 323 408 473 527 648 614 576 532 480 419 345 259 204 259 345 419 480 532 654 622 586 545 500 449 395 345 323 345 395 449 500 545 663 633 601 565 527 487 449 419 408 419 449 487 527 565 676 648 619 589 557 527 500 480 473 480 500 527 557 589 690 665 640 614 589 565 545 532 527 532 545 565 589 614 
701 676 648 619 589 557 527 500 480 473 480 500 527 557 691 663 633 601 565 527 487 449 419 408 419 449 487 527 684 654 622 586 545 500 449 395 345 323 345 395 449 500 679 648 614 576 532 480 419 345 259 204 259 345 419 480 677 646 612 572 527 473 408 323 204   0 204 323 408 473 679 648 614 576 532 480 419 345 259 204 259 345 419 480 684 654 622 586 545 500 449 395 345 323 345 395 449 500 691 663 633 601 565 527 487 449 419 408 419 449 487 527 701 676 648 619 589 557 527 500 480 473 480 500 527 557 713 690 665 640 614 589 565 545 532 527 532 545 565 589 
725 701 676 648 619 589 557 527 500 480 473 480 500 527 717 691 663 633 601 565 527 487 449 419 408 419 449 487 710 684 654 622 586 545 500 449 395 345 323 345 395 449 707 679 648 614 576 532 480 419 345 259 204 259 345 419 705 677 646 612 572 527 473 408 323 204   0 204 323 408 707 679 648 614 576 532 480 419 345 259 204 259 345 419 710 684 654 622 586 545 500 449 395 345 323 345 395 449 717 691 663 633 601 565 527 487 449 419 408 419 449 487 725 701 676 648 619 589 557 527 500 480 473 480 500 527 735 713 690 665 640 614 589 565 545 532 527 532 545 565 
748 725 701 676 648 619 589 557 527 500 480 473 480 500 741 717 691 663 633 601 565 527 487 449 419 408 419 449 735 710 684 654 622 586 545 500 449 395 345 323 345 395 732 707 679 648 614 576 532 480 419 345 259 204 259 345 731 705 677 646 612 572 527 473 408 323 204   0 204 323 732 707 679 648 614 576 532 480 419 345 259 204 259 345 735 710 684 654 622 586 545 500 449 395 345 323 345 395 741 717 691 663 633 601 565 527 487 449 419 408 419 449 748 725 701 676 648 619 589 557 527 500 480 473 480 500 756 735 713 690 665 640 614 589 565 545 532 527 532 545 
769 748 725 701 676 648 619 589 557 527 500 480 473 480 763 741 717 691 663 633 601 565 527 487 449 419 408 419 758 735 710 684 654 622 586 545 500 449 395 345 323 345 755 732 707 679 648 614 576 532 480 419 345 259 204 259 754 731 705 677 646 612 572 527 473 408 323 204   0 204 755 732 707 679 648 614 576 532 480 419 345 259 204 259 758 735 710 684 654 622 586 545 500 449 395 345 323 345 763 741 717 691 663 633 601 565 527 487 449 419 408 419 769 748 725 701 676 648 619 589 557 527 500 480 473 480 776 756 735 713 690 665 640 614 589 565 545 532 527 532 
789 769 748 725 701 676 648 619 589 557 527 500 480 473 783 763 741 717 691 663 633 601 565 527 487 449 419 408 779 758 735 710 684 654 622 586 545 500 449 395 345 323 777 755 732 707 679 648 614 576 532 480 419 345 259 204 776 754 731 705 677 646 612 572 527 473 408 323 204   0 777 755 732 707 679 648 614 576 532 480 419 345 259 204 779 758 735 710 684 654 622 586 545 500 449 395 345 323 783 763 741 717 691 663 633 601 565 527 487 449 419 408 789 769 748 725 701 676 648 619 589 557 527 500 480 473 795 776 756 735 713 690 665 640 614 589 565 545 532 527 
527 532 545 565 589 614 640 665 690 713 735 756 776 795 473 480 500 527 557 589 619 648 676 701 725 748 769 789 408 419 449 487 527 565 601 633 663 691 717 741 763 783 323 345 395 449 500 545 586 622 654 684 710 735 758 779 204 259 345 419 480 532 576 614 648 679 707 732 755 777   0 204 323 408 473 527 572 612 646 677 705 731 754 776 204 259 345 419 480 532 576 614 648 679 707 732 755 777 323 345 395 449 500 545 586 622 654 684 710 735 758 779 408 419 449 487 527 565 601 633 663 691 717 741 763 783 473 480 500 527 557 589 619 648 676 701 725 748 769 789 
532 527 532 545 565 589 614 640 665 690 713 735 756 776 480 473 480 500 527 557 589 619 648 676 701 725 748 769 419 408 419 449 487 527 565 601 633 663 691 717 741 763 345 323 345 395 449 500 545 586 622 654 684 710 735 758 259 204 259 345 419 480 532 576 614 648 679 707 732 755 204   0 204 323 408 473 527 572 612 646 677 705 731 754 259 204 259 345 419 480 532 576 614 648 679 707 732 755 345 323 345 395 449 500 545 586 622 654 684 710 735 758 419 408 419 449 487 527 565 601 633 663 691 717 741 763 480 473 480 500 527 557 589 619 648 676 701 725 748 769 
545 532 527 532 545 565 589 614 640 665 690 713 735 756 500 480 473 480 500 527 557 589 619 648 676 701 725 748 449 419 408 419 449 487 527 565 601 633 663 691 717 741 395 345 323 345 395 449 500 545 586 622 654 684 710 735 345 259 204 259 345 419 480 532 576 614 648 679 707 732 323 204   0 204 323 408 473 527 572 612 646 677 705 731 345 259 204 259 345 419 480 532 576 614 648 679 707 732 395 345 323 345 395 449 500 545 586 622 654 684 710 735 449 419 408 419 449 487 527 565 601 633 663 691 717 741 500 480 473 480 500 527 557 589 619 648 676 701 725 748 
565 545 532 527 532 545 565 589 614 640 665 690 713 735 527 500 480 473 480 500 527 557 589 619 648 676 701 725 487 449 419 408 419 449 487 527 565 601 633 663 691 717 449 395 345 323 345 395 449 500 545 586 622 654 684 710 419 345 259 204 259 345 419 480 532 576 614 648 679 707 408 323 204   0 204 323 408 473 527 572 612 646 677 705 419 345 259 204 259 345 419 480 532 576 614 648 679 707 449 395 345 323 345 395 449 500 545 586 622 654 684 710 487 449 419 408 419 449 487 527 565 601 633 663 691 717 527 500 480 473 480 500 527 557 589 619 648 676 701 725 
589 565 545 532 527 532 545 565 589 614 640 665 690 713 557 527 500 480 473 480 500 527 557 589 619 648 676 701 527 487 449 419 408 419 449 487 527 565 601 633 663 691 500 449 395 345 323 345 395 449 500 545 586 622 654 684 480 419 345 259 204 259 345 419 480 532 576 614 648 679 473 408 323 204   0 204 323 408 473 527 572 612 646 677 480 419 345 259 204 259 345 419 480 532 576 614 648 679 500 449 395 345 323 345 395 449 500 545 586 622 654 684 527 487 449 419 408 419 449 487 527 565 601 633 663 691 557 527 500 480 473 480 500 527 557 589 619 648 676 701 
614 589 565 545 532 527 532 545 565 589 614 640 665 690 589 557 527 500 480 473 480 500 527 557 589 619 648 676 565 527 487 449 419 408 419 449 487 527 565 601 633 663 545 500 449 395 345 323 345 395 449 500 545 586 622 654 532 480 419 345 259 204 259 345 419 480 532 576 614 648 527 473 408 323 204   0 204 323 408 473 527 572 612 646 532 480 419 345 259 204 259 345 419 480 532 576 614 648 545 500 449 395 345 323 345 395 449 500 545 586 622 654 565 527 487 449 419 408 419 449 487 527 565 601 633 663 589 557 527 500 480 473 480 500 527 557 589 619 648 676 
640 614 589 565 545 532 527 532 545 565 589 614 640 665 619 589 557 527 500 480 473 480 500 527 557 589 619 648 601 565 527 487 449 419 408 419 449 487 527 565 601 633 586 545 500 449 395 345 323 345 395 449 500 545 586 622 576 532 480 419 345 259 204 259 345 419 480 532 576 614 572 527 473 408 323 204   0 204 323 408 473 527 572 612 576 532 480 419 345 259 204 259 345 419 480 532 576 614 586 545 500 449 395 345 323 345 395 449 500 545 586 622 601 565 527 487 449 419 408 419 449 487 527 565 601 633 619 589 557 527 500 480 473 480 500 527 557 589 619 648 
665 640 614 589 565 545 532 527 532 545 565 589 614 640 648 619 589 557 527 500 480 473 480 500 527 557 589 619 633 601 565 527 487 449 419 408 419 449 487 527 565 601 622 586 545 500 449 395 345 323 345 395 449 500 545 586 614 576 532 480 419 345 259 204 259 345 419 480 532 576 612 572 527 473 408 323 204   0 204 323 408 473 527 572 614 576 532 480 419 345 259 204 259 345 419 480 532 576 622 586 545 500 449 395 345 323 345 395 449 500 545 586 633 601 565 527 487 449 419 408 419 449 487 527 565 601 648 619 589 557 527 500 480 473 480 500 527 557 589 619 
690 665 640 614 589 565 545 532 527 532 545 565 589 614 676 648 619 589 557 527 500 480 473 480 500 527 557 589 663 633 601 565 527 487 449 419 408 419 449 487 527 565 654 622 586 545 500 449 395 345 323 345 395 449 500 545 648 614 576 532 480 419 345 259 204 259 345 419 480 532 646 612 572 527 473 408 323 204   0 204 323 408 473 527 648 614 576 532 480 419 345 259 204 259 345 419 480 532 654 622 586 545 500 449 395 345 323 345 395 449 500 545 663 633 601 565 527 487 449 419 408 419 449 487 527 565 676 648 619 589 557 527 500 480 473 480 500 527 557 589 
713 690 665 640 614 589 565 545 532 527 532 545 565 589 701 676 648 619 589 557 527 500 480 473 480 500 527 557 691 663 633 601 565 527 487 449 419 408 419 449 487 527 684 654 622 586 545 500 449 395 345 323 345 395 449 500 679 648 614 576 532 480 419 345 259 204 259 345 419 480 677 646 612 572 527 473 408 323 204   0 204 323 408 473 679 648 614 576 532 480 419 345 259 204 259 345 419 480 684 654 622 586 545 500 449 395 345 323 345 395 449 500 691 663 633 601 565 527 487 449 419 408 419 449 487 527 701 676 648 619 589 557 527 500 480 473 480 500 527 557 
735 713 690 665 640 614 589 565 545 532 527 532 545 565 725 701 676 648 619 589 557 527 500 480 473 480 500 527 717 691 663 633 601 565 527 487 449 419 408 419 449 487 710 684 654 622 586 545 500 449 395 345 323 345 395 449 707 679 648 614 576 532 480 419 345 259 204 259 345 419 705 677 646 612 572 527 473 408 323 204   0 204 323 408 707 679 648 614 576 532 480 419 345 259 204 259 345 419 710 684 654 622 586 545 500 449 395 345 323 345 395 449 717 691 663 633 601 565 527 487 449 419 408 419 449 487 725 701 676 648 619 589 557 527 500 480 473 480 500 527 
756 735 713 690 665 640 614 589 565 545 532 527 532 545 748 725 701 676 648 619 589 557 527 500 480 473 480 500 741 717 691 663 633 601 565 527 487 449 419 408 419 449 735 710 684 654 622 586 545 500 449 395 345 323 345 395 732 707 679 648 614 576 532 480 419 345 259 204 259 345 731 705 677 646 612 572 527 473 408 323 204   0 204 323 732 707 679 648 614 576 532 480 419 345 259 204 259 345 735 710 684 654 622 586 545 500 449 395 345 323 345 395 741 717 691 663 633 601 565 527 487 449 419 408 419 449 748 725 701 676 648 619 589 557 527 500 480 473 480 500 
776 756 735 713 690 665 640 614 589 565 545 532 527 532 769 748 725 701 676 648 619 589 557 527 500 480 473 480 763 741 717 691 663 633 601 565 527 487 449 419 408 419 758 735 710 684 654 622 586 545 500 449 395 345 323 345 755 732 707 679 648 614 576 532 480 419 345 259 204 259 754 731 705 677 646 612 572 527 473 408 323 204   0 204 755 732 707 679 648 614 576 532 480 419 345 259 204 259 758 735 710 684 654 622 586 545 500 449 395 345 323 345 763 741 717 691 663 633 601 565 527 487 449 419 408 419 769 748 725 701 676 648 619 589 557 527 500 480 473 480 
795 776 756 735 713 690 665 640 614 589 565 545 532 527 789 769 748 725 701 676 648 619 589 557 527 500 480 473 783 763 741 717 691 663 633 601 565 527 487 449 419 408 779 758 735 710 684 654 622 586 545 500 449 395 345 323 777 755 732 707 679 648 614 576 532 480 419 345 259 204 776 754 731 705 677 646 612 572 527 473 408 323 204   0 777 755 732 707 679 648 614 576 532 480 419 345 259 204 779 758 735 710 684 654 622 586 545 500 449 395 345 323 783 763 741 717 691 663 633 601 565 527 487 449 419 408 789 769 748 725 701 676 648 619 589 557 527 500 480 473 
572 576 586 601 619 640 662 684 705 726 747 766 785 803 527 532 545 565 589 614 640 665 690 713 735 756 776 795 473 480 500 527 557 589 619 648 676 701 725 748 769 789 408 419 449 487 527 565 601 633 663 691 717 741 763 783 323 345 395 449 500 545 586 622 654 684 710 735 758 779 204 259 345 419 480 532 576 614 648 679 707 732 755 777   0 204 323 408 473 527 572 612 646 677 705 731 754 776 204 259 345 419 480 532 576 614 648 679 707 732 755 777 323 345 395 449 500 545 586 622 654 684 710 735 758 779 408 419 449 487 527 565 601 633 663 691 717 741 763 783 
576 572 576 586 601 619 640 662 684 705 726 747 766 785 532 527 532 545 565 589 614 640 665 690 713 735 756 776 480 473 480 500 527 557 589 619 648 676 701 725 748 769 419 408 419 449 487 527 565 601 633 663 691 717 741 763 345 323 345 395 449 500 545 586 622 654 684 710 735 758 259 204 259 345 419 480 532 576 614 648 679 707 732 755 204   0 204 323 408 473 527 572 612 646 677 705 731 754 259 204 259 345 419 480 532 576 614 648 679 707 732 755 345 323 345 395 449 500 545 586 622 654 684 710 735 758 419 408 419 449 487 527 565 601 633 663 691 717 741 763 
586 576 572 576 586 601 619 640 662 684 705 726 747 766 545 532 527 532 545 565 589 614 640 665 690 713 735 756 500 480 473 480 500 527 557 589 619 648 676 701 725 748 449 419 408 419 449 487 527 565 601 633 663 691 717 741 395 345 323 345 395 449 500 545 586 622 654 684 710 735 345 259 204 259 345 419 480 532 576 614 648 679 707 732 323 204   0 204 323 408 473 527 572 612 646 677 705 731 345 259 204 259 345 419 480 532 576 614 648 679 707 732 395 345 323 345 395 449 500 545 586 622 654 684 710 735 449 419 408 419 449 487 527 565 601 633 663 691 717 741 
601 586 576 572 576 586 601 619 640 662 684 705 726 747 565 545 532 527 532 545 565 589 614 640 665 690 713 735 527 500 480 473 480 500 527 557 589 619 648 676 701 725 487 449 419 408 419 449 487 527 565 601 633 663 691 717 449 395 345 323 345 395 449 500 545 586 622 654 684 710 419 345 259 204 259 345 419 480 532 576 614 648 679 707 408 323 204   0 204 323 408 473 527 572 612 646 677 705 419 345 259 204 259 345 419 480 532 576 614 648 679 707 449 395 345 323 345 395 449 500 545 586 622 654 684 710 487 449 419 408 419 449 487 527 565 601 633 663 691 717 
619 601 586 576 572 576 586 601 619 640 662 684 705 726 589 565 545 532 527 532 545 565 589 614 640 665 690 713 557 527 500 480 473 480 500 527 557 589 619 648 676 701 527 487 449 419 408 419 449 487 527 565 601 633 663 691 500 449 395 345 323 345 395 449 500 545 586 622 654 684 480 419 345 259 204 259 345 419 480 532 576 614 648 679 473 408 323 204   0 204 323 408 473 527 572 612 646 677 480 419 345 259 204 259 345 419 480 532 576 614 648 679 500 449 395 345 323 345 395 449 500 545 586 622 654 684 527 487 449 419 408 419 449 487 527 565 601 633 663 691 
640 619 601 586 576 572 576 586 601 619 640 662 684 705 614 589 565 545 532 527 532 545 565 589 614 640 665 690 589 557 527 500 480 473 480 500 527 557 589 619 648 676 565 527 487 449 419 408 419 449 487 527 565 601 633 663 545 500 449 395 345 323 345 395 449 500 545 586 622 654 532 480 419 345 259 204 259 345 419 480 532 576 614 648 527 473 408 323 204   0 204 323 408 473 527 572 612 646 532 480 419 345 259 204 259 345 419 480 532 576 614 648 545 500 449 395 345 323 345 395 449 500 545 586 622 654 565 527 487 449 419 408 419 449 487 527 565 601 633 663 
662 640 619 601 586 576 572 576 586 601 619 640 662 684 640 614 589 565 545 532 527 532 545 565 589 614 640 665 619 589 557 527 500 480 473 480 500 527 557 589 619 648 601 565 527 487 449 419 408 419 449 487 527 565 601 633 586 545 500 449 395 345 323 345 395 449 500 545 586 622 576 532 480 419 345 259 204 259 345 419 480 532 576 614 572 527 473 408 323 204   0 204 323 408 473 527 572 612 576 532 480 419 345 259 204 259 345 419 480 532 576 614 586 545 500 449 395 345 323 345 395 449 500 545 586 622 601 565 527 487 449 419 408 419 449 487 527 565 601 633 
684 662 640 619 601 586 576 572 576 586 601 619 640 662 665 640 614 589 565 545 532 527 532 545 565 589 614 640 648 619 589 557 527 500 480 473 480 500 527 557 589 619 633 601 565 527 487 449 419 408 419 449 487 527 565 601 622 586 545 500 449 395 345 323 345 395 449 500 545 586 614 576 532 480 419 345 259 204 259 345 419 480 532 576 612 572 527 473 408 323 204   0 204 323 408 473 527 572 614 576 532 480 419 345 259 204 259 345 419 480 532 576 622 586 545 500 449 395 345 323 345 395 449 500 545 586 633 601 565 527 487 449 419 408 419 449 487 527 565 601 
705 684 662 640 619 601 586 576 572 576 586 601 619 640 690 665 640 614 589 565 545 532 527 532 545 565 589 614 676 648 619 589 557 527 500 480 473 480 500 527 557 589 663 633 601 565 527 487 449 419 408 419 449 487 527 565 654 622 586 545 500 449 395 345 323 345 395 449 500 545 648 614 576 532 480 419 345 259 204 259 345 419 480 532 646 612 572 527 473 408 323 204   0 204 323 408 473 527 648 614 576 532 480 419 345 259 204 259 345 419 480 532 654 622 586 545 500 449 395 345 323 345 395 449 500 545 663 633 601 565 527 487 449 419 408 419 449 487 527 565 
726 705 684 662 640 619 601 586 576 572 576 586 601 619 713 690 665 640 614 589 565 545 532 527 532 545 565 589 701 676 648 619 589 557 527 500 480 473 480 500 527 557 691 663 633 601 565 527 487 449 419 408 419 449 487 527 684 654 622 586 545 500 449 395 345 323 345 395 449 500 679 648 614 576 532 480 419 345 259 204 259 345 419 480 677 646 612 572 527 473 408 323 204   0 204 323 408 473 679 648 614 576 532 480 419 345 259 204 259 345 419 480 684 654 622 586 545 500 449 395 345 323 345 395 449 500 691 663 633 601 565 527 487 449 419 408 419 449 487 527 
747 726 705 684 662 640 619 601 586 576 572 576 586 601 735 713 690 665 640 614 589 565 545 532 527 532 545 565 725 701 676 648 619 589 557 527 500 480 473 480 500 527 717 691 663 633 601 565 527 487 449 419 408 419 449 487 710 684 654 622 586 545 500 449 395 345 323 345 395 449 707 679 648 614 576 532 480 419 345 259 204 259 345 419 705 677 646 612 572 527 473 408 323 204   0 204 323 408 707 679 648 614 576 532 480 419 345 259 204 259 345 419 710 684 654 622 586 545 500 449 395 345 323 345 395 449 717 691 663 633 601 565 527 487 449 419 408 419 449 487 
766 747 726 705 684 662 640 619 601 586 576 572 576 586 756 735 713 690 665 640 614 589 565 545 532 527 532 545 748 725 701 676 648 619 589 557 527 500 480 473 480 500 741 717 691 663 633 601 565 527 487 449 419 408 419 449 735 710 684 654 622 586 545 500 449 395 345 323 345 395 732 707 679 648 614 576 532 480 419 345 259 204 259 345 731 705 677 646 612 572 527 473 408 323 204   0 204 323 732 707 679 648 614 576 532 480 419 345 259 204 259 345 735 710 684 654 622 586 545 500 449 395 345 323 345 395 741 717 691 663 633 601 565 527 487 449 419 408 419 449 
785 766 747 726 705 684 662 640 619 601 586 576 572 576 776 756 735 713 690 665 640 614 589 565 545 532 527 532 769 748 725 701 676 648 619 589 557 527 500 480 473 480 763 741 717 691 663 633 601 565 527 487 449 419 408 419 758 735 710 684 654 622 586 545 500 449 395 345 323 345 755 732 707 679 648 614 576 532 480 419 345 259 204 259 754 731 705 677 646 612 572 527 473 408 323 204   0 204 755 732 707 679 648 614 576 532 480 419 345 259 204 259 758 735 710 684 654 622 586 545 500 449 395 345 323 345 763 741 717 691 663 633 601 565 527 487 449 419 408 419 
803 785 766 747 726 705 684 662 640 619 601 586 576 572 795 776 756 735 713 690 665 640 614 589 565 545 532 527 789 769 748 725 701 676 648 619 589 557 527 500 480 473 783 763 741 717 691 663 633 601 565 527 487 449 419 408 779 758 735 710 684 654 622 586 545 500 449 395 345 323 777 755 732 707 679 648 614 576 532 480 419 345 259 204 776 754 731 705 677 646 612 572 527 473 408 323 204   0 777 755 732 707 679 648 614 576 532 480 419 345 259 204 779 758 735 710 684 654 622 586 545 500 449 395 345 323 783 763 741 717 691 663 633 601 565 527 487 449 419 408 
612 614 622 633 648 665 684 703 722 741 759 777 794 811 572 576 586 601 619 640 662 684 705 726 747 766 785 803 527 532 545 565 589 614 640 665 690 713 735 756 776 795 473 480 500 527 557 589 619 648 676 701 725 748 769 789 408 419 449 487 527 565 601 633 663 691 717 741 763 783 323 345 395 449 500 545 586 622 654 684 710 735 758 779 204 259 345 419 480 532 576 614 648 679 707 732 755 777   0 204 323 408 473 527 572 612 646 677 705 731 754 776 204 259 345 419 480 532 576 614 648 679 707 732 755 777 323 345 395 449 500 545 586 622 654 684 710 735 758 779 
614 612 614 622 633 648 665 684 703 722 741 759 777 794 576 572 576 586 601 619 640 662 684 705 726 747 766 785 532 527 532 545 565 589 614 640 665 690 713 735 756 776 480 473 480 500 527 557 589 619 648 676 701 725 748 769 419 408 419 449 487 527 565 601 633 663 691 717 741 763 345 323 345 395 449 500 545 586 622 654 684 710 735 758 259 204 259 345 419 480 532 576 614 648 679 707 732 755 204   0 204 323 408 473 527 572 612 646 677 705 731 754 259 204 259 345 419 480 532 576 614 648 679 707 732 755 345 323 345 395 449 500 545 586 622 654 684 710 735 758 
622 614 612 614 622 633 648 665 684 703 722 741 759 777 586 576 572 576 586 601 619 640 662 684 705 726 747 766 545 532 527 532 545 565 589 614 640 665 690 713 735 756 500 480 473 480 500 527 557 589 619 648 676 701 725 748 449 419 408 419 449 487 527 565 601 633 663 691 717 741 395 345 323 345 395 449 500 545 586 622 654 684 710 735 345 259 204 259 345 419 480 532 576 614 648 679 707 732 323 204   0 204 323 408 473 527 572 612 646 677 705 731 345 259 204 259 345 419 480 532 576 614 648 679 707 732 395 345 323 345 395 449 500 545 586 622 654 684 710 735 
633 622 614 612 614 622 633 648 665 684 703 722 741 759 601 586 576 572 576 586 601 619 640 662 684 705 726 747 565 545 532 527 532 545 565 589 614 640 665 690 713 735 527 500 480 473 480 500 527 557 589 619 648 676 701 725 487 449 419 408 419 449 487 527 565 601 633 663 691 717 449 395 345 323 345 395 449 500 545 586 622 654 684 710 419 345 259 204 259 345 419 480 532 576 614 648 679 707 408 323 204   0 204 323 408 473 527 572 612 646 677 705 419 345 259 204 259 345 419 480 532 576 614 648 679 707 449 395 345 323 345 395 449 500 545 586 622 654 684 710 
648 633 622 614 612 614 622 633 648 665 684 703 722 741 619 601 586 576 572 576 586 601 619 640 662 684 705 726 589 565 545 532 527 532 545 565 589 614 640 665 690 713 557 527 500 480 473 480 500 527 557 589 619 648 676 701 527 487 449 419 408 419 449 487 527 565 601 633 663 691 500 449 395 345 323 345 395 449 500 545 586 622 654 684 480 419 345 259 204 259 345 419 480 532 576 614 648 679 473 408 323 204   0 204 323 408 473 527 572 612 646 677 480 419 345 259 204 259 345 419 480 532 576 614 648 679 500 449 395 345 323 345 395 449 500 545 586 622 654 684 
665 648 633 622 614 612 614 622 633 648 665 684 703 722 640 619 601 586 576 572 576 586 601 619 640 662 684 705 614 589 565 545 532 527 532 545 565 589 614 640 665 690 589 557 527 500 480 473 480 500 527 557 589 619 648 676 565 527 487 449 419 408 419 449 487 527 565 601 633 663 545 500 449 395 345 323 345 395 449 500 545 586 622 654 532 480 419 345 259 204 259 345 419 480 532 576 614 648 527 473 408 323 204   0 204 323 408 473 527 572 612 646 532 480 419 345 259 204 259 345 419 480 532 576 614 648 545 500 449 395 345 323 345 395 449 500 545 586 622 654 
684 665 648 633 622 614 612 614 622 633 648 665 684 703 662 640 619 601 586 576 572 576 586 601 619 640 662 684 640 614 589 565 545 532 527 532 545 565 589 614 640 665 619 589 557 527 500 480 473 480 500 527 557 589 619 648 601 565 527 487 449 419 408 419 449 487 527 565 601 633 586 545 500 449 395 345 323 345 395 449 500 545 586 622 576 532 480 419 345 259 204 259 345 419 480 532 576 614 572 527 473 408 323 204   0 204 323 408 473 527 572 612 576 532 480 419 345 259 204 259 345 419 480 532 576 614 586 545 500 449 395 345 323 345 395 449 500 545 586 622 
703 684 665 648 633 622 614 612 614 622 633 648 665 684 684 662 640 619 601 586 576 572 576 586 601 619 640 662 665 640 614 589 565 545 532 527 532 545 565 589 614 640 648 619 589 557 527 500 480 473 480 500 527 557 589 619 633 601 565 527 487 449 419 408 419 449 487 527 565 601 622 586 545 500 449 395 345 323 345 395 449 500 545 586 614 576 532 480 419 345 259 204 259 345 419 480 532 576 612 572 527 473 408 323 204   0 204 323 408 473 527 572 614 576 532 480 419 345 259 204 259 345 419 480 532 576 622 586 545 500 449 395 345 323 345 395 449 500 545 586 
722 703 684 665 648 633 622 614 612 614 622 633 648 665 705 684 662 640 619 601 586 576 572 576 586 601 619 640 690 665 640 614 589 565 545 532 527 532 545 565 589 614 676 648 619 589 557 527 500 480 473 480 500 527 557 589 663 633 601 565 527 487 449 419 408 419 449 487 527 565 654 622 586 545 500 449 395 345 323 345 395 449 500 545 648 614 576 532 480 419 345 259 204 259 345 419 480 532 646 612 572 527 473 408 323 204   0 204 323 408 473 527 648 614 576 532 480 419 345 259 204 259 345 419 480 532 654 622 586 545 500 449 395 345 323 345 395 449 500 545 
741 722 703 684 665 648 633 622 614 612 614 622 633 648 726 705 684 662 640 619 601 586 576 572 576 586 601 619 713 690 665 640 614 589 565 545 532 527 532 545 565 589 701 676 648 619 589 557 527 500 480 473 480 500 527 557 691 663 633 601 565 527 487 449 419 408 419 449 487 527 684 654 622 586 545 500 449 395 345 323 345 395 449 500 679 648 614 576 532 480 419 345 259 204 259 345 419 480 677 646 612 572 527 473 408 323 204   0 204 323 408 473 679 648 614 576 532 480 419 345 259 204 259 345 419 480 684 654 622 586 545 500 449 395 345 323 345 395 449 500 
759 741 722 703 684 665 648 633 622 614 612 614 622 633 747 726 705 684 662 640 619 601 586 576 572 576 586 601 735 713 690 665 640 614 589 565 545 532 527 532 545 565 725 701 676 648 619 589 557 527 500 480 473 480 500 527 717 691 663 633 601 565 527 487 449 419 408 419 449 487 710 684 654 622 586 545 500 449 395 345 323 345 395 449 707 679 648 614 576 532 480 419 345 259 204 259 345 419 705 677 646 612 572 527 473 408 323 204   0 204 323 408 707 679 648 614 576 532 480 419 345 259 204 259 345 419 710 684 654 622 586 545 500 449 395 345 323 345 395 449 
777 759 741 722 703 684 665 648 633 622 614 612 614 622 766 747 726 705 684 662 640 619 601 586 576 572 576 586 756 735 713 690 665 640 614 589 565 545 532 527 532 545 748 725 701 676 648 619 589 557 527 500 480 473 480 500 741 717 691 663 633 601 565 527 487 449 419 408 419 449 735 710 684 654 622 586 545 500 449 395 345 323 345 395 732 707 679 648 614 576 532 480 419 345 259 204 259 345 731 705 677 646 612 572 527 473 408 323 204   0 204 323 732 707 679 648 614 576 532 480 419 345 259 204 259 345 735 710 684 654 622 586 545 500 449 395 345 323 345 395 
794 777 759 741 722 703 684 665 648 633 622 614 612 614 785 766 747 726 705 684 662 640 619 601 586 576 572 576 776 756 735 713 690 665 640 614 589 565 545 532 527 532 769 748 725 701 676 648 619 589 557 527 500 480 473 480 763 741 717 691 663 633 601 565 527 487 449 419 408 419 758 735 710 684 654 622 586 545 500 449 395 345 323 345 755 732 707 679 648 614 576 532 480 419 345 259 204 259 754 731 705 677 646 612 572 527 473 408 323 204   0 204 755 732 707 679 648 614 576 532 480 419 345 259 204 259 758 735 710 684 654 622 586 545 500 449 395 345 323 345 
811 794 777 759 741 722 703 684 665 648 633 622 614 612 803 785 766 747 726 705 684 662 640 619 601 586 576 572 795 776 756 735 713 690 665 640 614 589 565 545 532 527 789 769 748 725 701 676 648 619 589 557 527 500 480 473 783 763 741 717 691 663 633 601 565 527 487 449 419 408 779 758 735 710 684 654 622 586 545 500 449 395 345 323 777 755 732 707 679 648 614 576 532 480 419 345 259 204 776 754 731 705 677 646 612 572 527 473 408 323 204   0 777 755 732 707 679 648 614 576 532 480 419 345 259 204 779 758 735 710 684 654 622 586 545 500 449 395 345 323 
646 648 654 663 676 690 705 722 738 755 772 789 805 820 612 614 622 633 648 665 684 703 722 741 759 777 794 811 572 576 586 601 619 640 662 684 705 726 747 766 785 803 527 532 545 565 589 614 640 665 690 713 735 756 776 795 473 480 500 527 557 589 619 648 676 701 725 748 769 789 408 419 449 487 527 565 601 633 663 691 717 741 763 783 323 345 395 449 500 545 586 622 654 684 710 735 758 779 204 259 345 419 480 532 576 614 648 679 707 732 755 777   0 204 323 408 473 527 572 612 646 677 705 731 754 776 204 259 345 419 480 532 576 614 648 679 707 732 755 777 
648 646 648 654 663 676 690 705 722 738 755 772 789 805 614 612 614 622 633 648 665 684 703 722 741 759 777 794 576 572 576 586 601 619 640 662 684 705 726 747 766 785 532 527 532 545 565 589 614 640 665 690 713 735 756 776 480 473 480 500 527 557 589 619 648 676 701 725 748 769 419 408 419 449 487 527 565 601 633 663 691 717 741 763 345 323 345 395 449 500 545 586 622 654 684 710 735 758 259 204 259 345 419 480 532 576 614 648 679 707 732 755 204   0 204 323 408 473 527 572 612 646 677 705 731 754 259 204 259 345 419 480 532 576 614 648 679 707 732 755 
654 648 646 648 654 663 676 690 705 722 738 755 772 789 622 614 612 614 622 633 648 665 684 703 722 741 759 777 586 576 572 576 586 601 619 640 662 684 705 726 747 766 545 532 527 532 545 565 589 614 640 665 690 713 735 756 500 480 473 480 500 527 557 589 619 648 676 701 725 748 449 419 408 419 449 487 527 565 601 633 663 691 717 741 395 345 323 345 395 449 500 545 586 622 654 684 710 735 345 259 204 259 345 419 480 532 576 614 648 679 707 732 323 204   0 204 323 408 473 527 572 612 646 677 705 731 345 259 204 259 345 419 480 532 576 614 648 679 707 732 
663 654 648 646 648 654 663 676 690 705 722 738 755 772 633 622 614 612 614 622 633 648 665 684 703 722 741 759 601 586 576 572 576 586 601 619 640 662 684 705 726 747 565 545 532 527 532 545 565 589 614 640 665 690 713 735 527 500 480 473 480 500 527 557 589 619 648 676 701 725 487 449 419 408 419 449 487 527 565 601 633 663 691 717 449 395 345 323 345 395 449 500 545 586 622 654 684 710 419 345 259 204 259 345 419 480 532 576 614 648 679 707 408 323 204   0 204 323 408 473 527 572 612 646 677 705 419 345 259 204 259 345 419 480 532 576 614 648 679 707 
676 663 654 648 646 648 654 663 676 690 705 722 738 755 648 633 622 614 612 614 622 633 648 665 684 703 722 741 619 601 586 576 572 576 586 601 619 640 662 684 705 726 589 565 545 532 527 532 545 565 589 614 640 665 690 713 557 527 500 480 473 480 500 527 557 589 619 648 676 701 527 487 449 419 408 419 449 487 527 565 601 633 663 691 500 449 395 345 323 345 395 449 500 545 586 622 654 684 480 419 345 259 204 259 345 419 480 532 576 614 648 679 473 408 323 204   0 204 323 408 473 527 572 612 646 677 480 419 345 259 204 259 345 419 480 532 576 614 648 679 
690 676 663 654 648 646 648 654 663 676 690 705 722 738 665 648 633 622 614 612 614 622 633 648 665 684 703 722 640 619 601 586 576 572 576 586 601 619 640 662 684 705 614 589 565 545 532 527 532 545 565 589 614 640 665 690 589 557 527 500 480 473 480 500 527 557 589 619 648 676 565 527 487 449 419 408 419 449 487 527 565 601 633 663 545 500 449 395 345 323 345 395 449 500 545 586 622 654 532 480 419 345 259 204 259 345 419 480 532 576 614 648 527 473 408 323 204   0 204 323 408 473 527 572 612 646 532 480 419 345 259 204 259 345 419 480 532 576 614 648 
705 690 676 663 654 648 646 648 654 663 676 690 705 722 684 665 648 633 622 614 612 614 622 633 648 665 684 703 662 640 619 601 586 576 572 576 586 601 619 640 662 684 640 614 589 565 545 532 527 532 545 565 589 614 640 665 619 589 557 527 500 480 473 480 500 527 557 589 619 648 601 565 527 487 449 419 408 419 449 487 527 565 601 633 586 545 500 449 395 345 323 345 395 449 500 545 586 622 576 532 480 419 345 259 204 259 345 419 480 532 576 614 572 527 473 408 323 204   0 204 323 408 473 527 572 612 576 532 480 419 345 259 204 259 345 419 480 532 576 614 
722 705 690 676 663 654 648 646 648 654 663 676 690 705 703 684 665 648 633 622 614 612 614 622 633 648 665 684 684 662 640 619 601 586 576 572 576 586 601 619 640 662 665 640 614 589 565 545 532 527 532 545 565 589 614 640 648 619 589 557 527 500 480 473 480 500 527 557 589 619 633 601 565 527 487 449 419 408 419 449 487 527 565 601 622 586 545 500 449 395 345 323 345 395 449 500 545 586 614 576 532 480 419 345 259 204 259 345 419 480 532 576 612 572 527 473 408 323 204   0 204 323 408 473 527 572 614 576 532 480 419 345 259 204 259 345 419 480 532 576 
738 722 705 690 676 663 654 648 646 648 654 663 676 690 722 703 684 665 648 633 622 614 612 614 622 633 648 665 705 684 662 640 619 601 586 576 572 576 586 601 619 640 690 665 640 614 589 565 545 532 527 532 545 565 589 614 676 648 619 589 557 527 500 480 473 480 500 527 557 589 663 633 601 565 527 487 449 419 408 419 449 487 527 565 654 622 586 545 500 449 395 345 323 345 395 449 500 545 648 614 576 532 480 419 345 259 204 259 345 419 480 532 646 612 572 527 473 408 323 204   0 204 323 408 473 527 648 614 576 532 480 419 345 259 204 259 345 419 480 532 
755 738 722 705 690 676 663 654 648 646 648 654 663 676 741 722 703 684 665 648 633 622 614 612 614 622 633 648 726 705 684 662 640 619 601 586 576 572 576 586 601 619 713 690 665 640 614 589 565 545 532 527 532 545 565 589 701 676 648 619 589 557 527 500 480 473 480 500 527 557 691 663 633 601 565 527 487 449 419 408 419 449 487 527 684 654 622 586 545 500 449 395 345 323 345 395 449 500 679 648 614 576 532 480 419 345 259 204 259 345 419 480 677 646 612 572 527 473 408 323 204   0 204 323 408 473 679 648 614 576 532 480 419 345 259 204 259 345 419 480 
772 755 738 722 705 690 676 663 654 648 646 648 654 663 759 741 722 703 684 665 648 633 622 614 612 614 622 633 747 726 705 684 662 640 619 601 586 576 572 576 586 601 735 713 690 665 640 614 589 565 545 532 527 532 545 565 725 701 676 648 619 589 557 527 500 480 473 480 500 527 717 691 663 633 601 565 527 487 449 419 408 419 449 487 710 684 654 622 586 545 500 449 395 345 323 345 395 449 707 679 648 614 576 532 480 419 345 259 204 259 345 419 705 677 646 612 572 527 473 408 323 204   0 204 323 408 707 679 648 614 576 532 480 419 345 259 204 259 345 419 
789 772 755 738 722 705 690 676 663 654 648 646 648 654 777 759 741 722 703 684 665 648 633 622 614 612 614 622 766 747 726 705 684 662 640 619 601 586 576 572 576 586 756 735 713 690 665 640 614 589 565 545 532 527 532 545 748 725 701 676 648 619 589 557 527 500 480 473 480 500 741 717 691 663 633 601 565 527 487 449 419 408 419 449 735 710 684 654 622 586 545 500 449 395 345 323 345 395 732 707 679 648 614 576 532 480 419 345 259 204 259 345 731 705 677 646 612 572 527 473 408 323 204   0 204 323 732 707 679 648 614 576 532 480 419 345 259 204 259 345 
805 789 772 755 738 722 705 690 676 663 654 648 646 648 794 777 759 741 722 703 684 665 648 633 622 614 612 614 785 766 747 726 705 684 662 640 619 601 586 576 572 576 776 756 735 713 690 665 640 614 589 565 545 532 527 532 769 748 725 701 676 648 619 589 557 527 500 480 473 480 763 741 717 691 663 633 601 565 527 487 449 419 408 419 758 735 710 684 654 622 586 545 500 449 395 345 323 345 755 732 707 679 648 614 576 532 480 419 345 259 204 259 754 731 705 677 646 612 572 527 473 408 323 204   0 204 755 732 707 679 648 614 576 532 480 419 345 259 204 259 
820 805 789 772 755 738 722 705 690 676 663 654 648 646 811 794 777 759 741 722 703 684 665 648 633 622 614 612 803 785 766 747 726 705 684 662 640 619 601 586 576 572 795 776 756 735 713 690 665 640 614 589 565 545 532 527 789 769 748 725 701 676 648 619 589 557 527 500 480 473 783 763 741 717 691 663 633 601 565 527 487 449 419 408 779 758 735 710 684 654 622 586 545 500 449 395 345 323 777 755 732 707 679 648 614 576 532 480 419 345 259 204 776 754 731 705 677 646 612 572 527 473 408 323 204   0 777 755 732 707 679 648 614 576 532 480 419 345 259 204 
677 679 684 691 701 713 726 741 755 770 786 801 816 830 646 648 654 663 676 690 705 722 738 755 772 789 805 820 612 614 622 633 648 665 684 703 722 741 759 777 794 811 572 576 586 601 619 640 662 684 705 726 747 766 785 803 527 532 545 565 589 614 640 665 690 713 735 756 776 795 473 480 500 527 557 589 619 648 676 701 725 748 769 789 408 419 449 487 527 565 601 633 663 691 717 741 763 783 323 345 395 449 500 545 586 622 654 684 710 735 758 779 204 259 345 419 480 532 576 614 648 679 707 732 755 777   0 204 323 408 473 527 572 612 646 677 705 731 754 776 
679 677 679 684 691 701 713 726 741 755 770 786 801 816 648 646 648 654 663 676 690 705 722 738 755 772 789 805 614 612 614 622 633 648 665 684 703 722 741 759 777 794 576 572 576 586 601 619 640 662 684 705 726 747 766 785 532 527 532 545 565 589 614 640 665 690 713 735 756 776 480 473 480 500 527 557 589 619 648 676 701 725 748 769 419 408 419 449 487 527 565 601 633 663 691 717 741 763 345 323 345 395 449 500 545 586 622 654 684 710 735 758 259 204 259 345 419 480 532 576 614 648 679 707 732 755 204   0 204 323 408 473 527 572 612 646 677 705 731 754 
684 679 677 679 684 691 701 713 726 741 755 770 786 801 654 648 646 648 654 663 676 690 705 722 738 755 772 789 622 614 612 614 622 633 648 665 684 703 722 741 759 777 586 576 572 576 586 601 619 640 662 684 705 726 747 766 545 532 527 532 545 565 589 614 640 665 690 713 735 756 500 480 473 480 500 527 557 589 619 648 676 701 725 748 449 419 408 419 449 487 527 565 601 633 663 691 717 741 395 345 323 345 395 449 500 545 586 622 654 684 710 735 345 259 204 259 345 419 480 532 576 614 648 679 707 732 323 204   0 204 323 408 473 527 572 612 646 677 705 731 
691 684 679 677 679 684 691 701 713 726 741 755 770 786 663 654 648 646 648 654 663 676 690 705 722 738 755 772 633 622 614 612 614 622 633 648 665 684 703 722 741 759 601 586 576 572 576 586 601 619 640 662 684 705 726 747 565 545 532 527 532 545 565 589 614 640 665 690 713 735 527 500 480 473 480 500 527 557 589 619 648 676 701 725 487 449 419 408 419 449 487 527 565 601 633 663 691 717 449 395 345 323 345 395 449 500 545 586 622 654 684 710 419 345 259 204 259 345 419 480 532 576 614 648 679 707 408 323 204   0 204 323 408 473 527 572 612 646 677 705 
701 691 684 679 677 679 684 691 701 713 726 741 755 770 676 663 654 648 646 648 654 663 676 690 705 722 738 755 648 633 622 614 612 614 622 633 648 665 684 703 722 741 619 601 586 576 572 576 586 601 619 640 662 684 705 726 589 565 545 532 527 532 545 565 589 614 640 665 690 713 557 527 500 480 473 480 500 527 557 589 619 648 676 701 527 487 449 419 408 419 449 487 527 565 601 633 663 691 500 449 395 345 323 345 395 449 500 545 586 622 654 684 480 419 345 259 204 259 345 419 480 532 576 614 648 679 473 408 323 204   0 204 323 408 473 527 572 612 646 677 
713 701 691 684 679 677 679 684 691 701 713 726 741 755 690 676 663 654 648 646 648 654 663 676 690 705 722 738 665 648 633 622 614 612 614 622 633 648 665 684 703 722 640 619 601 586 576 572 576 586 601 619 640 662 684 705 614 589 565 545 532 527 532 545 565 589 614 640 665 690 589 557 527 500 480 473 480 500 527 557 589 619 648 676 565 527 487 449 419 408 419 449 487 527 565 601 633 663 545 500 449 395 345 323 345 395 449 500 545 586 622 654 532 480 419 345 259 204 259 345 419 480 532 576 614 648 527 473 408 323 204   0 204 323 408 473 527 572 612 646 
726 713 701 691 684 679 677 679 684 691 701 713 726 741 705 690 676 663 654 648 646 648 654 663 676 690 705 722 684 665 648 633 622 614 612 614 622 633 648 665 684 703 662 640 619 601 586 576 572 576 586 601 619 640 662 684 640 614 589 565 545 532 527 532 545 565 589 614 640 665 619 589 557 527 500 480 473 480 500 527 557 589 619 648 601 565 527 487 449 419 408 419 449 487 527 565 601 633 586 545 500 449 395 345 323 345 395 449 500 545 586 622 576 532 480 419 345 259 204 259 345 419 480 532 576 614 572 527 473 408 323 204   0 204 323 408 473 527 572 612 
741 726 713 701 691 684 679 677 679 684 691 701 713 726 722 705 690 676 663 654 648 646 648 654 663 676 690 705 703 684 665 648 633 622 614 612 614 622 633 648 665 684 684 662 640 619 601 586 576 572 576 586 601 619 640 662 665 640 614 589 565 545 532 527 532 545 565 589 614 640 648 619 589 557 527 500 480 473 480 500 527 557 589 619 633 601 565 527 487 449 419 408 419 449 487 527 565 601 622 586 545 500 449 395 345 323 345 395 449 500 545 586 614 576 532 480 419 345 259 204 259 345 419 480 532 576 612 572 527 473 408 323 204   0 204 323 408 473 527 572 
755 741 726 713 701 691 684 679 677 679 684 691 701 713 738 722 705 690 676 663 654 648 646 648 654 663 676 690 722 703 684 665 648 633 622 614 612 614 622 633 648 665 705 684 662 640 619 601 586 576 572 576 586 601 619 640 690 665 640 614 589 565 545 532 527 532 545 565 589 614 676 648 619 589 557 527 500 480 473 480 500 527 557 589 663 633 601 565 527 487 449 419 408 419 449 487 527 565 654 622 586 545 500 449 395 345 323 345 395 449 500 545 648 614 576 532 480 419 345 259 204 259 345 419 480 532 646 612 572 527 473 408 323 204   0 204 323 408 473 527 
770 755 741 726 713 701 691 684 679 677 679 684 691 701 755 738 722 705 690 676 663 654 648 646 648 654 663 676 741 722 703 684 665 648 633 622 614 612 614 622 633 648 726 705 684 662 640 619 601 586 576 572 576 586 601 619 713 690 665 640 614 589 565 545 532 527 532 545 565 589 701 676 648 619 589 557 527 500 480 473 480 500 527 557 691 663 633 601 565 527 487 449 419 408 419 449 487 527 684 654 622 586 545 500 449 395 345 323 345 395 449 500 679 648 614 576 532 480 419 345 259 204 259 345 419 480 677 646 612 572 527 473 408 323 204   0 204 323 408 473 
786 770 755 741 726 713 701 691 684 679 677 679 684 691 772 755 738 722 705 690 676 663 654 648 646 648 654 663 759 741 722 703 684 665 648 633 622 614 612 614 622 633 747 726 705 684 662 640 619 601 586 576 572 576 586 601 735 713 690 665 640 614 589 565 545 532 527 532 545 565 725 701 676 648 619 589 557 527 500 480 473 480 500 527 717 691 663 633 601 565 527 487 449 419 408 419 449 487 710 684 654 622 586 545 500 449 395 345 323 345 395 449 707 679 648 614 576 532 480 419 345 259 204 259 345 419 705 677 646 612 572 527 473 408 323 204   0 204 323 408 
801 786 770 755 741 726 713 701 691 684 679 677 679 684 789 772 755 738 722 705 690 676 663 654 648 646 648 654 777 759 741 722 703 684 665 648 633 622 614 612 614 622 766 747 726 705 684 662 640 619 601 586 576 572 576 586 756 735 713 690 665 640 614 589 565 545 532 527 532 545 748 725 701 676 648 619 589 557 527 500 480 473 480 500 741 717 691 663 633 601 565 527 487 449 419 408 419 449 735 710 684 654 622 586 545 500 449 395 345 323 345 395 732 707 679 648 614 576 532 480 419 345 259 204 259 345 731 705 677 646 612 572 527 473 408 323 204   0 204 323 
816 801 786 770 755 741 726 713 701 691 684 679 677 679 805 789 772 755 738 722 705 690 676 663 654 648 646 648 794 777 759 741 722 703 684 665 648 633 622 614 612 614 785 766 747 726 705 684 662 640 619 601 586 576 572 576 776 756 735 713 690 665 640 614 589 565 545 532 527 532 769 748 725 701 676 648 619 589 557 527 500 480 473 480 763 741 717 691 663 633 601 565 527 487 449 419 408 419 758 735 710 684 654 622 586 545 500 449 395 345 323 345 755 732 707 679 648 614 576 532 480 419 345 259 204 259 754 731 705 677 646 612 572 527 473 408 323 204   0 204 
830 816 801 786 770 755 741 726 713 701 691 684 679 677 820 805 789 772 755 738 722 705 690 676 663 654 648 646 811 794 777 759 741 722 703 684 665 648 633 622 614 612 803 785 766 747 726 705 684 662 640 619 601 586 576 572 795 776 756 735 713 690 665 640 614 589 565 545 532 527 789 769 748 725 701 676 648 619 589 557 527 500 480 473 783 763 741 717 691 663 633 601 565 527 487 449 419 408 779 758 735 710 684 654 622 586 545 500 449 395 345 323 777 755 732 707 679 648 614 576 532 480 419 345 259 204 776 754 731 705 677 646 612 572 527 473 408 323 204   0 
