n = 40
   0  204  323  408  473  527  572  612  646  677  204  259  345  419  481  532  576  614  648  679  329  329  368  422  475  523  566  604  639  669  9999  9999  9999  468  507  546  583  618    9999    9999 
 204    0  204  323  408  473  527  572  612  646  259  204  259  345  419  481  532  576  614  648  368  329  329  368  422  475  523  566  604  639  9999  9999  9999  433  468  507  546  583    9999    9999 
 323  204    0  204  323  408  473  527  572  612  345  259  204  259  345  419  481  532  576  614  422  368  329  329  368  422  475  523  566  604  9999  9999  9999  411  433  468  507  546    9999    9999 
 408  323  204    0  204  323  408  473  527  572  419  345  259  204  259  345  419  481  532  576  475  422  368  329  329  368  422  475  523  566  9999  9999  9999  411  411  433  468  507    9999    9999 
 473  408  323  204    0  204  323  408  473  527  481  419  345  259  204  259  345  419  481  532  523  475  422  368  329  329  368  422  475  523  9999  9999  9999  433  411  411  433  468    9999    9999 
 527  473  408  323  204    0  204  323  408  473  532  481  419  345  259  204  259  345  419  481  566  523  475  422  368  329  329  368  422  475  9999  9999  9999  468  433  411  411  433    9999    9999 
 572  527  473  408  323  204    0  204  323  408  576  532  481  419  345  259  204  259  345  419  604  566  523  475  422  368  329  329  368  422  9999  9999  9999  507  468  433  411  411    9999    9999 
 612  572  527  473  408  323  204    0  204  323  614  576  532  481  419  345  259  204  259  345  639  604  566  523  475  422  368  329  329  368  9999  9999  9999  546  507  468  433  411    9999    9999 
 646  612  572  527  473  408  323  204    0  204  648  614  576  532  481  419  345  259  204  259  669  639  604  566  523  475  422  368  329  329  9999  9999  9999  583  546  507  468  433    9999    9999 
 677  646  612  572  527  473  408  323  204    0  679  648  614  576  532  481  419  345  259  204  698  669  639  604  566  523  475  422  368  329  9999  9999  9999  618  583  546  507  468    9999    9999 
 204  259  345  419  481  532  576  614  648  679    0  204  323  408  473  527  572  612  646  677  220  220  303  384  451  507  555  596  632  664  9999  9999  9999  422  475  523  566  604    9999    9999 
 259  204  259  345  419  481  532  576  614  648  204    0  204  323  408  473  527  572  612  646  303  220  220  303  384  451  507  555  596  632  9999  9999  9999  368  422  475  523  566    9999    9999 
 345  259  204  259  345  419  481  532  576  614  323  204    0  204  323  408  473  527  572  612  384  303  220  220  303  384  451  507  555  596  9999  9999  9999  329  368  422  475  523    9999    9999 
 419  345  259  204  259  345  419  481  532  576  408  323  204    0  204  323  408  473  527  572  451  384  303  220  220  303  384  451  507  555  9999  9999  9999  329  329  368  422  475    9999    9999 
 481  419  345  259  204  259  345  419  481  532  473  408  323  204    0  204  323  408  473  527  507  451  384  303  220  220  303  384  451  507  9999  9999  9999  368  329  329  368  422    9999    9999 
 532  481  419  345  259  204  259  345  419  481  527  473  408  323  204    0  204  323  408  473  555  507  451  384  303  220  220  303  384  451  9999  9999  9999  422  368  329  329  368    9999    9999 
 576  532  481  419  345  259  204  259  345  419  572  527  473  408  323  204    0  204  323  408  596  555  507  451  384  303  220  220  303  384  9999  9999  9999  475  422  368  329  329    9999    9999 
 614  576  532  481  419  345  259  204  259  345  612  572  527  473  408  323  204    0  204  323  632  596  555  507  451  384  303  220  220  303  9999  9999  9999  523  475  422  368  329    9999    9999 
 648  614  576  532  481  419  345  259  204  259  646  612  572  527  473  408  323  204    0  204  664  632  596  555  507  451  384  303  220  220  9999  9999  9999  566  523  475  422  368    9999    9999 
 679  648  614  576  532  481  419  345  259  204  677  646  612  572  527  473  408  323  204    0  693  664  632  596  555  507  451  384  303  220  9999  9999  9999  604  566  523  475  422    9999    9999 
 329  368  422  475  523  566  604  639  669  698  220  303  384  451  507  555  596  632  664  693    0  204  323  408  473  527  572  612  646  677  9999  9999  9999  419  481  532  576  614    9999    9999 
 329  329  368  422  475  523  566  604  639  669  220  220  303  384  451  507  555  596  632  664  204    0  204  323  408  473  527  572  612  646  9999  9999  9999  345  419  481  532  576    9999    9999 
 368  329  329  368  422  475  523  566  604  639  303  220  220  303  384  451  507  555  596  632  323  204    0  204  323  408  473  527  572  612  9999  9999  9999  259  345  419  481  532    9999    9999 
 422  368  329  329  368  422  475  523  566  604  384  303  220  220  303  384  451  507  555  596  408  323  204    0  204  323  408  473  527  572  9999  9999  9999  204  259  345  419  481    9999    9999 
 475  422  368  329  329  368  422  475  523  566  451  384  303  220  220  303  384  451  507  555  473  408  323  204    0  204  323  408  473  527  9999  9999  9999  259  204  259  345  419    9999    9999 
 523  475  422  368  329  329  368  422  475  523  507  451  384  303  220  220  303  384  451  507  527  473  408  323  204    0  204  323  408  473  9999  9999  9999  345  259  204  259  345    9999    9999 
 566  523  475  422  368  329  329  368  422  475  555  507  451  384  303  220  220  303  384  451  572  527  473  408  323  204    0  204  323  408  9999  9999  9999  419  345  259  204  259    9999    9999 
 604  566  523  475  422  368  329  329  368  422  596  555  507  451  384  303  220  220  303  384  612  572  527  473  408  323  204    0  204  323  9999  9999  9999  481  419  345  259  204    9999    9999 
 639  604  566  523  475  422  368  329  329  368  632  596  555  507  451  384  303  220  220  303  646  612  572  527  473  408  323  204    0  204  9999  9999  9999  532  481  419  345  259    9999    9999 
 669  639  604  566  523  475  422  368  329  329  664  632  596  555  507  451  384  303  220  220  677  646  612  572  527  473  408  323  204    0  9999  9999  9999  576  532  481  419  345    9999    9999 
 9999   9999  9999  9999  9999  9999  9999  9999  9999  9999  9999  9999  9999  9999  9999  9999  9999  9999  9999  9999  9999  9999  9999  9999  9999  9999  9999  9999  9999  9999  0 9999 9999 9999  9999  9999  9999  9999  9999  9999
 9999   9999  9999  9999  9999  9999  9999  9999  9999  9999  9999  9999  9999  9999  9999  9999  9999  9999  9999  9999  9999  9999  9999  9999  9999  9999  9999  9999  9999  9999  9999  0 9999 9999  9999  9999  9999  9999  9999  9999
 9999   9999  9999  9999  9999  9999  9999  9999  9999  9999  9999  9999  9999  9999  9999  9999  9999  9999  9999  9999  9999  9999  9999  9999  9999  9999  9999  9999  9999  9999  9999  9999  0 9999  9999  9999  9999  9999  9999  9999
 468  433  411  411  433  468  507  546  583  618  422  368  329  329  368  422  475  523  566  604  419  345  259  204  259  345  419  481  532  576  9999  9999  9999    0  204  323  408  473    9999    9999  
 507  468  433  411  411  433  468  507  546  583  475  422  368  329  329  368  422  475  523  566  481  419  345  259  204  259  345  419  481  532  9999  9999  9999  204    0  204  323  408    9999    9999  
 546  507  468  433  411  411  433  468  507  546  523  475  422  368  329  329  368  422  475  523  532  481  419  345  259  204  259  345  419  481  9999  9999  9999  323  204    0  204  323    9999    9999  
 583  546  507  468  433  411  411  433  468  507  566  523  475  422  368  329  329  368  422  475  576  532  481  419  345  259  204  259  345  419  9999  9999  9999  408  323  204    0  204    9999    9999  
 618  583  546  507  468  433  411  411  433  468  604  566  523  475  422  368  329  329  368  422  614  576  532  481  419  345  259  204  259  345  9999  9999  9999  473  408  323  204    0    9999    9999  
 9999   9999  9999  9999  9999  9999  9999  9999  9999  9999  9999  9999  9999  9999  9999  9999  9999  9999  9999  9999  9999  9999  9999  9999  9999  9999  9999  9999  9999  9999  9999  9999  9999  9999  9999  9999  9999  9999  0  9999
 9999   9999  9999  9999  9999  9999  9999  9999  9999  9999  9999  9999  9999  9999  9999  9999  9999  9999  9999  9999  9999  9999  9999  9999  9999  9999  9999  9999  9999  9999  9999  9999  9999  9999  9999  9999  9999  9999  9999  0 

