n = 40
   0  204  323  408  473  527  572  612  646  677  220  220  303  384  451  507  555  596  632  664  329  329  368  422  475  523  566  604  639  669  9999  9999  9999  468  507  546  583  618  9999  9999 
 204    0  204  323  408  473  527  572  612  646  303  220  220  303  384  451  507  555  596  632  368  329  329  368  422  475  523  566  604  639  9999  9999  9999  433  468  507  546  583  9999  9999 
 323  204    0  204  323  408  473  527  572  612  384  303  220  220  303  384  451  507  555  596  422  368  329  329  368  422  475  523  566  604  9999  9999  9999  411  433  468  507  546  9999  9999 
 408  323  204    0  204  323  408  473  527  572  451  384  303  220  220  303  384  451  507  555  475  422  368  329  329  368  422  475  523  566  9999  9999  9999  411  411  433  468  507  9999  9999 
 473  408  323  204    0  204  323  408  473  527  507  451  384  303  220  220  303  384  451  507  523  475  422  368  329  329  368  422  475  523  9999  9999  9999  433  411  411  433  468  9999  9999 
 527  473  408  323  204    0  204  323  408  473  555  507  451  384  303  220  220  303  384  451  566  523  475  422  368  329  329  368  422  475  9999  9999  9999  468  433  411  411  433  9999  9999 
 572  527  473  408  323  204    0  204  323  408  596  555  507  451  384  303  220  220  303  384  604  566  523  475  422  368  329  329  368  422  9999  9999  9999  507  468  433  411  411  9999  9999 
 612  572  527  473  408  323  204    0  204  323  632  596  555  507  451  384  303  220  220  303  639  604  566  523  475  422  368  329  329  368  9999  9999  9999  546  507  468  433  411  9999  9999  
 646  612  572  527  473  408  323  204    0  204  664  632  596  555  507  451  384  303  220  220  669  639  604  566  523  475  422  368  329  329  9999  9999  9999  583  546  507  468  433  9999  9999  
 677  646  612  572  527  473  408  323  204    0  693  664  632  596  555  507  451  384  303  220  698  669  639  604  566  523  475  422  368  329  9999  9999  9999  618  583  546  507  468  9999  9999 
 220  303  384  451  507  555  596  632  664  693    0  204  323  408  473  527  572  612  646  677  204  259  345  419  481  532  576  614  648  679  9999  9999  9999  449  500  545  586  622  9999  9999 
 220  220  303  384  451  507  555  596  632  664  204    0  204  323  408  473  527  572  612  646  259  204  259  345  419  481  532  576  614  648  9999  9999  9999  395  449  500  545  586  9999  9999  
 303  220  220  303  384  451  507  555  596  632  323  204    0  204  323  408  473  527  572  612  345  259  204  259  345  419  481  532  576  614  9999  9999  9999  345  395  449  500  545  9999  9999  
 384  303  220  220  303  384  451  507  555  596  408  323  204    0  204  323  408  473  527  572  419  345  259  204  259  345  419  481  532  576  9999  9999  9999  323  345  395  449  500  9999  9999  
 451  384  303  220  220  303  384  451  507  555  473  408  323  204    0  204  323  408  473  527  481  419  345  259  204  259  345  419  481  532  9999  9999  9999  345  323  345  395  449  9999  9999  
 507  451  384  303  220  220  303  384  451  507  527  473  408  323  204    0  204  323  408  473  532  481  419  345  259  204  259  345  419  481  9999  9999  9999  395  345  323  345  395  9999  9999  
 555  507  451  384  303  220  220  303  384  451  572  527  473  408  323  204    0  204  323  408  576  532  481  419  345  259  204  259  345  419  9999  9999  9999  449  395  345  323  345  9999  9999 
 596  555  507  451  384  303  220  220  303  384  612  572  527  473  408  323  204    0  204  323  614  576  532  481  419  345  259  204  259  345  9999  9999  9999  500  449  395  345  323   9999  9999  
 632  596  555  507  451  384  303  220  220  303  646  612  572  527  473  408  323  204    0  204  648  614  576  532  481  419  345  259  204  259  9999  9999  9999  545  500  449  395  345   9999  9999  
 664  632  596  555  507  451  384  303  220  220  677  646  612  572  527  473  408  323  204    0  679  648  614  576  532  481  419  345  259  204  9999  9999  9999  586  545  500  449  395   9999  9999  
 329  368  422  475  523  566  604  639  669  698  204  259  345  419  481  532  576  614  648  679    0  204  323  408  473  527  572  612  646  677  9999  9999  9999  419  481  532  576  614   9999  9999 
 329  329  368  422  475  523  566  604  639  669  259  204  259  345  419  481  532  576  614  648  204    0  204  323  408  473  527  572  612  646  9999  9999  9999  345  419  481  532  576  9999  9999 
 368  329  329  368  422  475  523  566  604  639  345  259  204  259  345  419  481  532  576  614  323  204    0  204  323  408  473  527  572  612  9999  9999  9999  259  345  419  481  532   9999  9999 
 422  368  329  329  368  422  475  523  566  604  419  345  259  204  259  345  419  481  532  576  408  323  204    0  204  323  408  473  527  572  9999  9999  9999  204  259  345  419  481  9999  9999 
 475  422  368  329  329  368  422  475  523  566  481  419  345  259  204  259  345  419  481  532  473  408  323  204    0  204  323  408  473  527  9999  9999  9999  259  204  259  345  419  9999  9999 
 523  475  422  368  329  329  368  422  475  523  532  481  419  345  259  204  259  345  419  481  527  473  408  323  204    0  204  323  408  473  9999  9999  9999  345  259  204  259  345  9999  9999  
 566  523  475  422  368  329  329  368  422  475  576  532  481  419  345  259  204  259  345  419  572  527  473  408  323  204    0  204  323  408  9999  9999  9999  419  345  259  204  259   9999  9999 
 604  566  523  475  422  368  329  329  368  422  614  576  532  481  419  345  259  204  259  345  612  572  527  473  408  323  204    0  204  323  9999  9999  9999  481  419  345  259  204  9999  9999  
 639  604  566  523  475  422  368  329  329  368  648  614  576  532  481  419  345  259  204  259  646  612  572  527  473  408  323  204    0  204  9999  9999  9999  532  481  419  345  259  9999  9999 
 669  639  604  566  523  475  422  368  329  329  679  648  614  576  532  481  419  345  259  204  677  646  612  572  527  473  408  323  204    0  9999  9999  9999  576  532  481  419  345  9999  9999 
 9999   9999  9999  9999  9999  9999  9999  9999  9999  9999  9999  9999  9999  9999  9999  9999  9999  9999  9999  9999  9999  9999  9999  9999  9999  9999  9999  9999  9999  9999  0 9999 9999 9999  9999  9999  9999  9999  9999  9999
 9999   9999  9999  9999  9999  9999  9999  9999  9999  9999  9999  9999  9999  9999  9999  9999  9999  9999  9999  9999  9999  9999  9999  9999  9999  9999  9999  9999  9999  9999  9999  0 9999 9999  9999  9999  9999  9999  9999  9999
 9999   9999  9999  9999  9999  9999  9999  9999  9999  9999  9999  9999  9999  9999  9999  9999  9999  9999  9999  9999  9999  9999  9999  9999  9999  9999  9999  9999  9999  9999  9999  9999  0 9999  9999  9999  9999  9999  9999  9999
 468  433  411  411  433  468  507  546  583  618  449  395  345  323  345  395  449  500  545  586  419  345  259  204  259  345  419  481  532  576  9999  9999  9999    0  204  323  408  473  9999  9999 
 507  468  433  411  411  433  468  507  546  583  500  449  395  345  323  345  395  449  500  545  481  419  345  259  204  259  345  419  481  532  9999  9999  9999  204    0  204  323  408  9999  9999 
 546  507  468  433  411  411  433  468  507  546  545  500  449  395  345  323  345  395  449  500  532  481  419  345  259  204  259  345  419  481  9999  9999  9999  323  204    0  204  323  9999  9999 
 583  546  507  468  433  411  411  433  468  507  586  545  500  449  395  345  323  345  395  449  576  532  481  419  345  259  204  259  345  419  9999  9999  9999  408  323  204    0  204    9999    9999 
 618  583  546  507  468  433  411  411  433  468  622  586  545  500  449  395  345  323  345  395  614  576  532  481  419  345  259  204  259  345  9999  9999  9999  473  408  323  204    0    9999    9999 
 9999   9999  9999  9999  9999  9999  9999  9999  9999  9999  9999  9999  9999  9999  9999  9999  9999  9999  9999  9999  9999  9999  9999  9999  9999  9999  9999  9999  9999  9999  9999  9999  9999  9999  9999  9999  9999  9999  0  9999
 9999   9999  9999  9999  9999  9999  9999  9999  9999  9999  9999  9999  9999  9999  9999  9999  9999  9999  9999  9999  9999  9999  9999  9999  9999  9999  9999  9999  9999  9999  9999  9999  9999  9999  9999  9999  9999  9999  9999  0 

