n = 30
   0  204  323  408  473  527  572  612  646  677  999  220  303  384  451  507  555  596  632  664  999  999  368  422  475  523  566  604  639  999   
 204    0  204  323  408  473  527  572  612  646  999  220  220  303  384  451  507  555  596  632  999  999  329  368  422  475  523  566  604  999 
 323  204    0  204  323  408  473  527  572  612  999  303  220  220  303  384  451  507  555  596  999  999  329  329  368  422  475  523  566  999
 408  323  204    0  204  323  408  473  527  572  999  384  303  220  220  303  384  451  507  555  999  999  368  329  329  368  422  475  523  999 
 473  408  323  204    0  204  323  408  473  527  999  451  384  303  220  220  303  384  451  507  999  999  422  368  329  329  368  422  475  999 
 527  473  408  323  204    0  204  323  408  473  999  507  451  384  303  220  220  303  384  451  999  999  475  422  368  329  329  368  422  999 
 572  527  473  408  323  204    0  204  323  408  999  555  507  451  384  303  220  220  303  384  999  999  523  475  422  368  329  329  368  999 
 612  572  527  473  408  323  204    0  204  323  999  596  555  507  451  384  303  220  220  303  999  999  566  523  475  422  368  329  329  999 
 646  612  572  527  473  408  323  204    0  204  999  632  596  555  507  451  384  303  220  220  999  999  604  566  523  475  422  368  329  999 
 677  646  612  572  527  473  408  323  204    0  999  664  632  596  555  507  451  384  303  220  999  999  639  604  566  523  475  422  368  999 
 999  999  999  999  999  999  999  999  999  999    0  999  999  999  999  999  999  999  999  999  999  999  999  999  999  999  999  999  999  999
 220  220  303  384  451  507  555  596  632  664  999    0  204  323  408  473  527  572  612  646  999  999  259  345  419  481  532  576  614  999
 303  220  220  303  384  451  507  555  596  632  999  204    0  204  323  408  473  527  572  612  999  999  204  259  345  419  481  532  576  999
 384  303  220  220  303  384  451  507  555  596  999  323  204    0  204  323  408  473  527  572  999  999  259  204  259  345  419  481  532  999
 451  384  303  220  220  303  384  451  507  555  999  408  323  204    0  204  323  408  473  527  999  999  345  259  204  259  345  419  481  999 
 507  451  384  303  220  220  303  384  451  507  999  473  408  323  204    0  204  323  408  473  999  999  419  345  259  204  259  345  419  999 
 555  507  451  384  303  220  220  303  384  451  999  527  473  408  323  204    0  204  323  408  999  999  481  419  345  259  204  259  345  999
 596  555  507  451  384  303  220  220  303  384  999  572  527  473  408  323  204    0  204  323  999  999  532  481  419  345  259  204  259  999 
 632  596  555  507  451  384  303  220  220  303  999  612  572  527  473  408  323  204    0  204  999  999  576  532  481  419  345  259  204  999 
 664  632  596  555  507  451  384  303  220  220  999  646  612  572  527  473  408  323  204    0  999  999  614  576  532  481  419  345  259  999 
 999  999  999  999  999  999  999  999  999  999  999  999  999  999  999  999  999  999  999  999    0  999  999  999  999  999  999  999  999  999
 999  999  999  999  999  999  999  999  999  999  999  999  999  999  999  999  999  999  999  999  999    0  999  999  999  999  999  999  999  999
 368  329  329  368  422  475  523  566  604  639  999  259  204  259  345  419  481  532  576  614  999  999    0  204  323  408  473  527  572  999 
 422  368  329  329  368  422  475  523  566  604  999  345  259  204  259  345  419  481  532  576  999  999  204    0  204  323  408  473  527  999 
 475  422  368  329  329  368  422  475  523  566  999  419  345  259  204  259  345  419  481  532  999  999  323  204    0  204  323  408  473  999 
 523  475  422  368  329  329  368  422  475  523  999  481  419  345  259  204  259  345  419  481  999  999  408  323  204    0  204  323  408  999 
 566  523  475  422  368  329  329  368  422  475  999  532  481  419  345  259  204  259  345  419  999  999  473  408  323  204    0  204  323  999 
 604  566  523  475  422  368  329  329  368  422  999  576  532  481  419  345  259  204  259  345  999  999  527  473  408  323  204    0  204  999 
 639  604  566  523  475  422  368  329  329  368  999  614  576  532  481  419  345  259  204  259  999  999  572  527  473  408  323  204    0  999
 999  999  999  999  999  999  999  999  999  999  999  999  999  999  999  999  999  999  999  999  999  999  999  999  999  999  999  999  999    0


