n = 40
         0 85,111,843 68,608,469 57,202,226     58,463  8,211,051    540,918     71,300  4,438,545    394,205 17,111,494    575,526  1,515,019    151,678 32,911,026          0     52,242     42,949      8,821    839,234    140,992    440,142     11,836          0     47,521     97,037          0    583,926    417,041  1,011,992  1,276,426          0          0      8,362     31,051          0    120,843     37,164     93,851 115,037,479 
85,111,843  1,093,526  3,657,938  1,785,235  1,550,572 26,139,741 53,519,155 20,000,794 77,786,025 19,305,655 49,099,950 90,141,501          0    294,888 15,201,532          0 10,019,039 44,839,861  5,024,127 27,102,871  4,804,714          0  3,475,308  1,396,794 11,431,489 17,066,130  3,998,688     12,514     92,273    167,162    151,551  6,353,198  5,302,708    554,544          0     95,333    151,514          0    605,443 208,400,414 
68,608,469  3,657,938     23,216  6,256,411  1,368,308 15,006,412 43,190,956 27,940,352 77,488,817 29,488,862 47,506,855 53,687,478     53,293          0 35,779,106          0  5,603,040 43,405,472  5,592,892 41,457,074  9,998,894          0  2,444,252 18,873,217  8,320,004 12,446,674  5,977,250     15,539          0    654,957  1,280,029  1,630,123          0    384,233          0      9,011     75,167     23,985    612,087 212,316,477 
57,202,226  1,785,235  6,256,411    679,178    112,354  9,002,473 32,196,100 25,875,789 53,530,466 45,417,371 40,531,317 63,711,063      9,022 33,400,955 20,025,214          0 13,164,673 31,563,225  6,575,870 19,638,363  7,521,176     30,058  3,336,089  1,976,904  6,772,636  9,505,214    768,022          0          0          0    460,588    949,183          0    419,388          0     70,622    199,498     14,415    237,956 207,953,780 
    58,463  1,550,572  1,368,308    112,354          0 27,807,352          0     21,435    725,267     13,185    400,908    927,817          0          0    233,721     24,919          0          0          0    304,680          0     65,395          0          0          0          0          0          0     10,739          0     68,480          0          0          0          0          0          0          0          0 22,785,517 
 8,211,051 26,139,741 15,006,412  9,002,473 27,807,352          0 19,787,122  4,482,369 10,478,449  8,256,669 10,455,570 12,588,096    206,818          0  6,925,181          0  2,181,801 15,634,878    747,819 11,465,673  2,549,025    175,797  2,105,656  1,695,970  6,701,015    491,300    807,175    548,274          0          0    711,707    301,418          0          0          0     24,349          0          0    108,259 24,750,095 
   540,918 53,519,155 43,190,956 32,196,100          0 19,787,122    313,232  8,431,665  5,747,692    190,701     15,848  1,985,443  3,921,380    447,981 19,004,511          0     62,510    147,697     24,181  1,609,991  3,512,837    602,557     23,768          0    361,360          0     26,560    790,529    202,645  1,122,068    875,251          0      8,399          0    842,349    432,651     19,283    598,204    233,080 75,038,858 
    71,300 20,000,794 27,940,352 25,875,789     21,435  4,482,369  8,431,665    386,748 21,691,055    128,746     29,444  5,273,746    588,549     64,818  5,048,097          0     77,936    332,139    124,678  3,387,540     51,662    310,321          0    310,184     17,710     11,355          0     36,580  1,455,148    887,551    826,714  1,337,384    154,529          0          0          0     40,592     44,233     51,156 66,106,863 
 4,438,545 77,786,025 77,488,817 53,530,466    725,267 10,478,449  5,747,692 21,691,055  6,249,944  6,658,142  3,961,280  3,990,511  2,181,434    595,127 33,574,362          0  2,201,493 27,510,150     65,605    531,925  6,929,129  6,163,520    136,580    784,017  7,567,577  2,554,436          0  1,243,858  2,558,632    109,461  1,490,496     15,358     65,642          0    211,400    180,839    150,545    122,076     41,509 50,678,712 
   394,205 19,305,655 29,488,862 45,417,371     13,185  8,256,669    190,701    128,746  6,658,142     52,158 11,603,984  4,689,937  1,418,678     17,355 39,028,682          0    100,139  1,909,466  2,298,986  2,675,944     78,626    467,766      9,240    135,904      9,715     25,939          0    393,838    378,218    177,055  2,196,431    273,886          0          0    653,190     55,353     30,029          0     46,732 52,265,885 
17,111,494 49,099,950 47,506,855 40,531,317    400,908 10,455,570     15,848     29,444  3,961,280 11,603,984    117,866  8,984,136    126,384  5,159,334 32,552,204          0  2,216,249 42,728,516  4,745,022     32,750     41,018  1,398,385    284,200  3,539,817  2,867,899  1,943,020     74,043  3,976,801    386,085  1,436,528  2,135,577          0          0     14,602  1,067,834     39,594     47,455    951,819     45,256 37,876,034 
   575,526 90,141,501 53,687,478 63,711,063    927,817 12,588,096  1,985,443  5,273,746  3,990,511  4,689,937  8,984,136 33,117,600  1,646,465  5,773,256 39,043,722    870,662    554,266 27,229,118    210,782    630,656  1,005,936  1,265,588          0          0    127,013     93,305      8,175  1,036,830  1,828,074    384,085  2,482,848          0    436,230     60,886          0     37,731    276,179     12,792    910,891 158,174,038 
 1,515,019          0     53,293      9,022          0    206,818  3,921,380    588,549  2,181,434  1,418,678    126,384  1,646,465          0          0    487,838          0    154,754  2,986,435     13,989    935,039  1,403,087          0          0          0    349,326    440,848     19,886          0          0          0          0     96,890          0          0          0          0          0          0     22,666 13,703,160 
   151,678    294,888          0 33,400,955          0          0    447,981     64,818    595,127     17,355  5,159,334  5,773,256          0          0    984,657          0      8,742  1,591,975    313,417     28,215          0          0     18,259 17,691,419    138,261    139,146    142,290          0          0          0          0     85,526          0          0          0          0          0          0          0    311,453 
32,911,026 15,201,532 35,779,106 20,025,214    233,721  6,925,181 19,004,511  5,048,097 33,574,362 39,028,682 32,552,204 39,043,722    487,838    984,657  1,121,062          0 11,294,828 31,545,474  1,761,223 21,518,759  4,593,609    485,619     26,323  3,527,643  8,057,555 16,665,040  5,404,187    808,713     97,120          0          0  2,787,953    210,665    446,983     85,979     37,263      9,044          0      8,813 22,646,598 
         0          0          0          0     24,919          0          0          0          0          0          0    870,662          0          0          0          0          0          0          0          0          0          0          0          0          0          0          0          0          0          0          0          0          0          0          0          0          0          0          0  6,813,857 
    52,242 10,019,039  5,603,040 13,164,673          0  2,181,801     62,510     77,936  2,201,493    100,139  2,216,249    554,266    154,754      8,742 11,294,828          0    261,210    131,833    109,640    968,918     15,540    417,697          0          0     17,741      9,969          0     32,435    109,209          0    949,658     19,887          0          0     46,627          0          0          0    128,861 24,862,775 
    42,949 44,839,861 43,405,472 31,563,225          0 15,634,878    147,697    332,139 27,510,150  1,909,466 42,728,516 27,229,118  2,986,435  1,591,975 31,545,474          0    131,833    211,680  3,475,812  4,012,884    479,037  2,560,798          0          0     58,085    128,975      8,175    911,630  1,390,048    100,140  2,282,016  1,170,228    186,150    174,879    435,617          0    162,521    136,189     27,288 28,977,658 
     8,821  5,024,127  5,592,892  6,575,870          0    747,819     24,181    124,678     65,605  2,298,986  4,745,022    210,782     13,989    313,417  1,761,223          0    109,640  3,475,812          0  5,467,135          0    764,791          0          0    121,342          0     23,625          0     10,151          0     17,340          0    414,324    162,716          0          0     39,649     23,985          0  8,002,296 
   839,234 27,102,871 41,457,074 19,638,363    304,680 11,465,673  1,609,991  3,387,540    531,925  2,675,944     32,750    630,656    935,039     28,215 21,518,759          0    968,918  4,012,884  5,467,135    666,646  2,211,499  1,287,055      8,176          0  1,582,259  1,745,550     31,032    299,920    639,831    547,208  2,266,963          0          0     12,496    100,694      9,283    138,599    103,062     73,643 29,051,701 
   140,992  4,804,714  9,998,894  7,521,176          0  2,549,025  3,512,837     51,662  6,929,129     78,626     41,018  1,005,936  1,403,087          0  4,593,609          0     15,540    479,037          0  2,211,499     20,790    344,481    661,127          0     42,921     20,084          0     28,132     68,932    875,811    116,425          0          0          0          0          0    182,176          0      9,497 10,432,727 
   440,142          0          0     30,058     65,395    175,797    602,557    310,321  6,163,520    467,766  1,398,385  1,265,588          0          0    485,619          0    417,697  2,560,798    764,791  1,287,055    344,481          0  1,005,891          0    702,403  1,045,853          0          0          0          0          0    119,056          0          0          0          0          0          0          0  5,604,927 
    11,836  3,475,308  2,444,252  3,336,089          0  2,105,656     23,768          0    136,580      9,240    284,200          0          0     18,259     26,323          0          0          0          0      8,176    661,127  1,005,891          0          0          0          0          0          0          0    112,630          0          0          0          0          0          0          0          0          0  6,249,047 
         0  1,396,794 18,873,217  1,976,904          0  1,695,970          0    310,184    784,017    135,904  3,539,817          0          0 17,691,419  3,527,643          0          0          0          0          0          0          0          0          0          0          0          0          0          0     41,254     14,853          0  3,747,986          0          0          0          0          0          0    106,756 
    47,521 11,431,489  8,320,004  6,772,636          0  6,701,015    361,360     17,710  7,567,577      9,715  2,867,899    127,013    349,326    138,261  8,057,555          0     17,741     58,085    121,342  1,582,259     42,921    702,403          0          0          0      8,940          0    525,194    550,495     10,513    142,296          0          0          0     56,298    146,584     20,052          0     78,085  8,902,115 
    97,037 17,066,130 12,446,674  9,505,214          0    491,300          0     11,355  2,554,436     25,939  1,943,020     93,305    440,848    139,146 16,665,040          0      9,969    128,975          0  1,745,550     20,084  1,045,853          0          0      8,940          0          0    247,673     85,761    107,834  1,732,665     60,188          0          0     28,331          0          0     24,880     12,980 12,478,669 
         0  3,998,688  5,977,250    768,022          0    807,175     26,560          0          0          0     74,043      8,175     19,886    142,290  5,404,187          0          0      8,175     23,625     31,032          0          0          0          0          0          0     16,210     16,887          0          0    128,113          0     48,006          0          0          0      8,842     41,970     11,586  3,139,656 
   583,926     12,514     15,539          0          0    548,274    790,529     36,580  1,243,858    393,838  3,976,801  1,036,830          0          0    808,713          0     32,435    911,630          0    299,920     28,132          0          0          0    525,194    247,673     16,887          0          0          0          0     19,115          0          0          0          0          0          0     16,887    560,415 
   417,041     92,273          0          0     10,739          0    202,645  1,455,148  2,558,632    378,218    386,085  1,828,074          0          0     97,120          0    109,209  1,390,048     10,151    639,831     68,932          0          0          0    550,495     85,761          0          0          0          0          0    318,696          0          0          0          0          0          0          0  1,014,808 
 1,011,992    167,162    654,957          0          0          0  1,122,068    887,551    109,461    177,055  1,436,528    384,085          0          0          0          0          0    100,140          0    547,208    875,811          0    112,630     41,254     10,513    107,834          0          0          0          0          0          0          0          0          0          0          0          0          0    750,305 
 1,276,426    151,551  1,280,029    460,588     68,480    711,707    875,251    826,714  1,490,496  2,196,431  2,135,577  2,482,848          0          0          0          0    949,658  2,282,016     17,340  2,266,963    116,425          0          0     14,853    142,296  1,732,665    128,113          0          0          0          0     45,110          0          0          0          0          0          0          0    553,503 
         0  6,353,198  1,630,123    949,183          0    301,418          0  1,337,384     15,358    273,886          0          0     96,890     85,526  2,787,953          0     19,887  1,170,228          0          0          0    119,056          0          0          0     60,188          0     19,115    318,696          0     45,110    136,004     30,777          0          0          0          0          0     26,396  1,277,672 
         0  5,302,708          0          0          0          0      8,399    154,529     65,642          0          0    436,230          0          0    210,665          0          0    186,150    414,324          0          0          0          0  3,747,986          0          0     48,006          0          0          0          0     30,777          0          0          0          0          0          0          0          0 
     8,362    554,544    384,233    419,388          0          0          0          0          0          0     14,602     60,886          0          0    446,983          0          0    174,879    162,716     12,496          0          0          0          0          0          0          0          0          0          0          0          0          0    310,308          0          0     23,938          0          0  2,037,903 
    31,051          0          0          0          0          0    842,349          0    211,400    653,190  1,067,834          0          0          0     85,979          0     46,627    435,617          0    100,694          0          0          0          0     56,298     28,331          0          0          0          0          0          0          0          0          0          0          0          0          0    117,148 
         0     95,333      9,011     70,622          0     24,349    432,651          0    180,839     55,353     39,594     37,731          0          0     37,263          0          0          0          0      9,283          0          0          0          0    146,584          0          0          0          0          0          0          0          0          0          0          0          0          0          0  1,313,939 
   120,843    151,514     75,167    199,498          0          0     19,283     40,592    150,545     30,029     47,455    276,179          0          0      9,044          0          0    162,521     39,649    138,599    182,176          0          0          0     20,052          0      8,842          0          0          0          0          0          0     23,938          0          0          0          0          0  1,650,852 
    37,164          0     23,985     14,415          0          0    598,204     44,233    122,076          0    951,819     12,792          0          0          0          0          0    136,189     23,985    103,062          0          0          0          0          0     24,880     41,970          0          0          0          0          0          0          0          0          0          0          0          0     92,156 
    93,851    605,443    612,087    237,956          0    108,259    233,080     51,156     41,509     46,732     45,256    910,891     22,666          0      8,813          0    128,861     27,288          0     73,643      9,497          0          0          0     78,085     12,980     11,586     16,887          0          0          0     26,396          0          0          0          0          0          0          0    284,110 
115,037,479 208,400,414 212,316,477 207,953,780 22,785,517 24,750,095 75,038,858 66,106,863 50,678,712 52,265,885 37,876,034 158,174,038 13,703,160    311,453 22,646,598  6,813,857 24,862,775 28,977,658  8,002,296 29,051,701 10,432,727  5,604,927  6,249,047    106,756  8,902,115 12,478,669  3,139,656    560,415  1,014,808    750,305    553,503  1,277,672          0  2,037,903    117,148  1,313,939  1,650,852     92,156    284,110          0 
