n = 32
     0  66508      0    996   6470  22435  17279    335    688      0      0   3297      0    325      0      0   8661      0   1027      0      0      0   1550      0      0      0      0      0      0      0      0  59629 
 66508      0    309  54455  62471   1925   1581  33269 105003    691  12691  42603  20622      0  27606  16729  23761      0    106   8861   6891   2472      0   6514      0    414   1374   2997    875      0    105 267192 
     0    309      0  58472    202      0   2078    280      0      0      0   1397      0      0      0      0    177      0      0      0      0      0      0      0      0      0      0      0      0      0      0  64065 
   996  54455  58472      0  42958      0   3531   1075  17237   3070  12141    915   5523  15478   6158   6716   8996    717   1975    231   3664   4505      0    663      0   2933     83    751      0      0      0  43133 
  6470  62471    202  42958      0  68750  28942      0    774      0      0      5    108   1934   8244   2980   5676   1798    626      0      0   3576   1856     17   1463     11      0      0      0      0      0 108523 
 22435   1925      0      0  68750      0      0  36365  44917  11862  23248  31881  21068      0  18751  17236   1662      0    350   7573   1975  11102      0   3019      0    364    465   3259   1780    174     10 143390 
 17279   1581   2078   3531  28942      0      0  46541  32577   7368  10958  40012  11345      0  16344  25404   2226      0   5318  18484  10404   2043      0  11407    440    888    573   2205   1241      0     49 159406 
   335  33269    280   1075      0  36365  46541      0      0      0    249    252    364   1339    518    659   1672    492    247      0   1514   3838   2022    355    284      0     20      0      0      0      0  94609 
   688 105003      0  17237    774  44917  32577      0      0      0   1606   1672    496   2792  36891    428  15332   5855   4875      0      0      0   2366      0      7      0      0      0      0      0      0 147135 
     0    691      0   3070      0  11862   7368      0      0      0      0      0      0      0      0      0      0      0      0      0      0      0      0      0      0      0      0      0      0      0      0  66346 
     0  12691      0  12141      0  23248  10958    249   1606      0      0   2510   2039      0     25      0   1296    419      0      0      0      0      0      0      0      0      0      0      0      0      0  45777 
  3297  42603   1397    915      5  31881  40012    252   1672      0   2510      0    596    688   8162   2767   9765   1251   2475      0   2989   1892     62      9      0     49     33      0      0      0      0  30094 
     0  20622      0   5523    108  21068  11345    364    496      0   2039    596      0      0      0      0  17266   3547    496      0   2242      0   2042      0    127      0      0      0      0      0      0  34564 
   325      0      0  15478   1934      0      0   1339   2792      0      0    688      0      0    186      0   1939      0      0      0     23      0      0     38      0     31      0    266      0      0      0  19186 
     0  27606      0   6158   8244  18751  16344    518  36891      0     25   8162      0    186      0    166   7965   9818     99      0      0      0     43      0   1992      0      0      0      0      0     25  48865 
     0  16729      0   6716   2980  17236  25404    659    428      0      0   2767      0      0    166      0   6198    137    320   3505      0      0   2088      0      0      0    109      0      0      0     28  26738 
  8661  23761    177   8996   5676   1662   2226   1672  15332      0   1296   9765  17266   1939   7965   6198      0      0      0   1927   4187   6636    262   2416      0    876   1127   2246    379      0     70  17133 
     0      0      0    717   1798      0      0    492   5855      0    419   1251   3547      0   9818    137      0      0      0      0     29      0      0     15      0     59    691      0      0      0      0   8100 
  1027    106      0   1975    626    350   5318    247   4875      0      0   2475    496      0     99    320      0      0      0    676    819      0      0    249      0     87      0      0     12      0      0   8221 
     0   8861      0    231      0   7573  18484      0      0      0      0      0      0      0      0   3505   1927      0    676      0      0      0      0      0      0      0      0      0      0      0      0  29172 
     0   6891      0   3664      0   1975  10404   1514      0      0      0   2989   2242     23      0      0   4187     29    819      0      0      0     17      0      0      0      0      0      0      0      0   6557 
     0   2472      0   4505   3576  11102   2043   3838      0      0      0   1892      0      0      0      0   6636      0      0      0      0      0     48      0    665      0      0      0      0      0      0   3246 
  1550      0      0      0   1856      0      0   2022   2366      0      0     62   2042      0     43   2088    262      0      0      0     17     48      0      9      0      0    242     50      0      0     67    460 
     0   6514      0    663     17   3019  11407    355      0      0      0      9      0     38      0      0   2416     15    249      0      0      0      9      0      0      0      0      0      0      0      0  18913 
     0      0      0      0   1463      0    440    284      7      0      0      0    127      0   1992      0      0      0      0      0      0    665      0      0      0      0      0      0      0      0      0   2627 
     0    414      0   2933     11    364    888      0      0      0      0     49      0     31      0      0    876     59     87      0      0      0      0      0      0      0      0      0      0      0      0   4405 
     0   1374      0     83      0    465    573     20      0      0      0     33      0      0      0    109   1127    691      0      0      0      0    242      0      0      0      0      0      0      0      0   1640 
     0   2997      0    751      0   3259   2205      0      0      0      0      0      0    266      0      0   2246      0      0      0      0      0     50      0      0      0      0      0      0      0      0    684 
     0    875      0      0      0   1780   1241      0      0      0      0      0      0      0      0      0    379      0     12      0      0      0      0      0      0      0      0      0      0      0      0      0 
     0      0      0      0      0    174      0      0      0      0      0      0      0      0      0      0      0      0      0      0      0      0      0      0      0      0      0      0      0      0      0    163 
     0    105      0      0      0     10     49      0      0      0      0      0      0      0     25     28     70      0      0      0      0      0     67      0      0      0      0      0      0      0      0      0 
 59629 267192  64065  43133 108523 143390 159406  94609 147135  66346  45777  30094  34564  19186  48865  26738  17133   8100   8221  29172   6557   3246    460  18913   2627   4405   1640    684      0    163      0      0 
