n = 32
     0  62215      0    955   6523  27368  17472    351    685      0      0   3349      0    307      0      0   8713      0   1054      0      0      0   1600      0      0      0      0      0      0      0      0  69646 
 62215      0    309  69487  52025   1987   1536  33651  90133    664   7792  47259  20858      0  22827  11576  18710      0    110   3788   7030   2538      0   6487      0    378   1464   2981    936      0    112 302229 
     0    309      0  73148    207      0   2137    260      0      0      0   1410      0      0      0      0    195      0      0      0      0      0      0      0      0      0      0      0      0      0      0  53780 
   955  69487  73148      0  33084      0   3454   1129  12391   3078   7238    942   5534  10306   6274  11734  14131    699   2032    226   3622   4349      0    634      0   2900     84    788      0      0      0  37856 
  6523  52025    207  33084      0  58432  24198      0    835      0      0      3    110   2020   8290   2921   5669   1826   5648      0      0   3774   1790     14   1531     11      0      0      0      0      0 117978 
 27368   1987      0      0  58432      0      0  31516  49426  11760  23321  41568  20768      0  19076  22554   1671      0    341   7726   1967   6207      0   3040      0    364    465   3368   1780    157     13 133260 
 17472   1536   2137   3454  24198      0      0  55902  27799   7394  10893  40139  11629      0  21502  10331   2322      0   5136  18506  10426   1919      0  11334    435    834    556   7077   1229      0     58 174435 
   351  33651    260   1129      0  31516  55902      0      0      0    268    248    385   1330    521    632   1716    504    223      0   1465   3803   2073    342    273      0     19      0      0      0      0 109570 
   685  90133      0  12391    835  49426  27799      0      0      0   1574   1630    464   2930  31765    392  15731   5992   4843      0      0      0   2408      0      8      0      0      0      0      0      0 141860 
     0    664      0   3078      0  11760   7394      0      0      0      0      0      0      0      0      0      0      0      0      0      0      0      0      0      0      0      0      0      0      0      0  66758 
     0   7792      0   7238      0  23321  10893    268   1574      0      0   2423   2041      0     32      0   1196    343      0      0      0      0      0      0      0      0      0      0      0      0      0  45992 
  3349  47259   1410    942      3  41568  40139    248   1630      0   2423      0    577    709   8272   2846   4792   1217   2330      0   2789   1919     54     10      0     58     48      0      0      0      0  29974 
     0  20858      0   5534    110  20768  11629    385    464      0   2041    577      0      0      0      0  12582   3552    529      0   2179      0   2067      0    133      0      0      0      0      0      0  39707 
   307      0      0  10306   2020      0      0   1330   2930      0      0    709      0      0    189      0   2010      0      0      0     20      0      0     41      0     30      0    263      0      0      0  14026 
     0  22827      0   6274   8290  19076  21502    521  31765      0     32   8272      0    189      0    158   7889   9730    109      0      0      0     57      0   1987      0      0      0      0      0     28  43286 
     0  11576      0  11734   2921  22554  10331    632    392      0      0   2846      0      0    158      0   6243    131    308   3520      0      0   2055      0      0      0    140      0      0      0     16  26537 
  8713  18710    195  14131   5669   1671   2322   1716  15731      0   1196   4792  12582   2010   7889   6243      0      0      0   1945   3997   1606    245   2517      0    891   1169   2081    363      0     47  22211 
     0      0      0    699   1826      0      0    504   5992      0    343   1217   3552      0   9730    131      0      0      0      0     23      0      0      3      0     61    689      0      0      0      0   8174 
  1054    110      0   2032   5648    341   5136    223   4843      0      0   2330    529      0    109    308      0      0      0    676    835      0      0    279      0     85      0      0     27      0      0   8397 
     0   3788      0    226      0   7726  18506      0      0      0      0      0      0      0      0   3520   1945      0    676      0      0      0      0      0      0      0      0      0      0      0      0  24085 
     0   7030      0   3622      0   1967  10426   1465      0      0      0   2789   2179     20      0      0   3997     23    835      0      0      0     21      0      0      0      0      0      0      0      0  11641 
     0   2538      0   4349   3774   6207   1919   3803      0      0      0   1919      0      0      0      0   1606      0      0      0      0      0     59      0    659      0      0      0      0      0      0   3275 
  1600      0      0      0   1790      0      0   2073   2408      0      0     54   2067      0     57   2055    245      0      0      0     21     59      0      1      0      0    241     54      0      0     53    463 
     0   6487      0    634     14   3040  11334    342      0      0      0     10      0     41      0      0   2517      3    279      0      0      0      1      0      0      0      0      0      0      0      0  13836 
     0      0      0      0   1531      0    435    273      8      0      0      0    133      0   1987      0      0      0      0      0      0    659      0      0      0      0      0      0      0      0      0   2610 
     0    378      0   2900     11    364    834      0      0      0      0     58      0     30      0      0    891     61     85      0      0      0      0      0      0      0      0      0      0      0      0   4483 
     0   1464      0     84      0    465    556     19      0      0      0     48      0      0      0    140   1169    689      0      0      0      0    241      0      0      0      0      0      0      0      0   1631 
     0   2981      0    788      0   3368   7077      0      0      0      0      0      0    263      0      0   2081      0      0      0      0      0     54      0      0      0      0      0      0      0      0    716 
     0    936      0      0      0   1780   1229      0      0      0      0      0      0      0      0      0    363      0     27      0      0      0      0      0      0      0      0      0      0      0      0      0 
     0      0      0      0      0    157      0      0      0      0      0      0      0      0      0      0      0      0      0      0      0      0      0      0      0      0      0      0      0      0      0    168 
     0    112      0      0      0     13     58      0      0      0      0      0      0      0     28     16     47      0      0      0      0      0     53      0      0      0      0      0      0      0      0      0 
 69646 302229  53780  37856 117978 133260 174435 109570 141860  66758  45992  29974  39707  14026  43286  26537  22211   8174   8397  24085  11641   3275    463  13836   2610   4483   1631    716      0    168      0      0 
