n = 32
     0  61519      0   1001   6492  27204  22216    368    737      0      0   3397      0    322      0      0   8724      0   1044      0      0      0   1575      0      0      0      0      0      0      0      0  65108 
 61519      0    323  59218  52362   2033   1482  38635  95198    722   7753  52215  20832      0  22935  11577  18854      0    106   3736   7053   2464      0   6512      0    386   1465   7975    861      0    119 277756 
     0    323      0  63344    204      0   2109    252      0      0      0   1444      0      0      0      0    189      0      0      0      0      0      0      0      0      0      0      0      0      0      0  58479 
  1001  59218  63344      0  38365      0   3634   1089  12101   3053  11979    963   5400  10357   6146   6490   8996    706   1982    205   3758   4357      0    640      0   2864     72    759      0      0      0  43178 
  6492  52362    204  38365      0  58784  23977      0    723      0      0      4    114   2024   8313   2917   5686   1850    597      0      0   3695   1812     20   1481     14      0      0      0      0      0 108280 
 27204   2033      0      0  58784      0      0  40903  39776  11913  23383  31573  20922      0  18989  17151   1576      0    300   7724   1960   6270      0   3005      0    364    437   3403   1839    149      5 138933 
 22216   1482   2109   3634  23977      0      0  51832  27638   7199  20872  40231  11470      0  21185  10212   2274      0   5350  18664  10693   2014      0   6240    454    878    545   2087   1270      0     67 189311 
   368  38635    252   1089      0  40903  51832      0      0      0    256    247    348   1317    504    663   1612    520    283      0   1451   3947   2104    342    273      0     20      0      0      0      0 110050 
   737  95198      0  12101    723  39776  27638      0      0      0   1512   1587    487   2852  31621    415  20358   5864   5022      0      0      0   2354      0      9      0      0      0      0      0      0 161712 
     0    722      0   3053      0  11913   7199      0      0      0      0      0      0      0      0      0      0      0      0      0      0      0      0      0      0      0      0      0      0      0      0  61471 
     0   7753      0  11979      0  23383  20872    256   1512      0      0   2475   1996      0     23      0   1223    337      0      0      0      0      0      0      0      0      0      0      0      0      0  40360 
  3397  52215   1444    963      4  31573  40231    247   1587      0   2475      0    628    704   8253   2748   4787   1151   2461      0   2856   1857     54     13      0     63     41      0      0      0      0  34873 
     0  20832      0   5400    114  20922  11470    348    487      0   1996    628      0      0      0      0  12350   3512    537      0   2154      0   2110      0    150      0      0      0      0      0      0  44668 
   322      0      0  10357   2024      0      0   1317   2852      0      0    704      0      0    195      0   2007      0      0      0     18      0      0     44      0     30      0    271      0      0      0  19217 
     0  22935      0   6146   8313  18989  21185    504  31621      0     23   8253      0    195      0    171   7959   9700    113      0      0      0     42      0   2020      0      0      0      0      0     17  38896 
     0  11577      0   6490   2917  17151  10212    663    415      0      0   2748      0      0    171      0   6203    151    312   3572      0      0   2077      0      0      0    131      0      0      0     22  26409 
  8724  18854    189   8996   5686   1576   2274   1612  20358      0   1223   4787  12350   2007   7959   6203      0      0      0   1952   4166   1648    273   2435      0    941   1197   2117    342      0     44  17285 
     0      0      0    706   1850      0      0    520   5864      0    337   1151   3512      0   9700    151      0      0      0      0     23      0      0      4      0     54    704      0      0      0      0   8129 
  1044    106      0   1982    597    300   5350    283   5022      0      0   2461    537      0    113    312      0      0      0    712    849      0      0    270      0     84      0      0     24      0      0   8417 
     0   3736      0    205      0   7724  18664      0      0      0      0      0      0      0      0   3572   1952      0    712      0      0      0      0      0      0      0      0      0      0      0      0  34026 
     0   7053      0   3758      0   1960  10693   1451      0      0      0   2856   2154     18      0      0   4166     23    849      0      0      0     13      0      0      0      0      0      0      0      0  11631 
     0   2464      0   4357   3695   6270   2014   3947      0      0      0   1857      0      0      0      0   1648      0      0      0      0      0     59      0    625      0      0      0      0      0      0   3231 
  1575      0      0      0   1812      0      0   2104   2354      0      0     54   2110      0     42   2077    273      0      0      0     13     59      0      2      0      0    221     44      0      0     52    466 
     0   6512      0    640     20   3005   6240    342      0      0      0     13      0     44      0      0   2435      4    270      0      0      0      2      0      0      0      0      0      0      0      0  13726 
     0      0      0      0   1481      0    454    273      9      0      0      0    150      0   2020      0      0      0      0      0      0    625      0      0      0      0      0      0      0      0      0   2482 
     0    386      0   2864     14    364    878      0      0      0      0     63      0     30      0      0    941     54     84      0      0      0      0      0      0      0      0      0      0      0      0   4535 
     0   1465      0     72      0    437    545     20      0      0      0     41      0      0      0    131   1197    704      0      0      0      0    221      0      0      0      0      0      0      0      0   1598 
     0   7975      0    759      0   3403   2087      0      0      0      0      0      0    271      0      0   2117      0      0      0      0      0     44      0      0      0      0      0      0      0      0    699 
     0    861      0      0      0   1839   1270      0      0      0      0      0      0      0      0      0    342      0     24      0      0      0      0      0      0      0      0      0      0      0      0      0 
     0      0      0      0      0    149      0      0      0      0      0      0      0      0      0      0      0      0      0      0      0      0      0      0      0      0      0      0      0      0      0    154 
     0    119      0      0      0      5     67      0      0      0      0      0      0      0     17     22     44      0      0      0      0      0     52      0      0      0      0      0      0      0      0      0 
 65108 277756  58479  43178 108280 138933 189311 110050 161712  61471  40360  34873  44668  19217  38896  26409  17285   8129   8417  34026  11631   3231    466  13726   2482   4535   1598    699      0    154      0      0 
