n = 27
      0  123401   82257   93036    2964   83085   46211      31   69109    2157   76838   38553    5059   30706     720    9864      42     355    7970    2293       0     368       0       0    1240      35       0
 123401       0  112146   27527      96   62820     485      96   36093   15406   12245    2749    1051    3316      96   22248       0     239     198    1044       7    9420       0       6      87       0       0 
  82257  112146       0    5486   13963   25955  145202  135204   44811   14990  178929  192208   10145   74582   31130   49266   46334   68643   86895   31591    8345   19376    9568    1661    5927    3407    2155
  93036   27527    5486       0   52657    1399  131865   52102   21427   20583   91453  106406   24513   37391   12718   52144   12147   64437   62281   39719    3247   15999    7055     274     369    2393    3403
   2964      96   13963   52657       0    9315    2117     134   15105      79     543    8440     147    8204       0       0       0     143    4273      11      68      10       0       0      29       0       0 
  83085   62820   25955    1399    9315       0  116192   52230   34539   19228   93348  113516   19352   11332   32343   49034   21223   54633  103227   32087    4046   18701    7873    2938    1125    4405    3226
  46211     485  145202  131865    2117  116192       0   61176   85403    3415   12477    4828    3553   54924     363   15896    1830     862    2355      35    4636   32736     334     676     134     535       0
     31      96  135204   52102     134   52230   61176       0   44377     317    4420   17139    1573    7630      27       6     532     416   12109       9      30     722      42      12       0       0       0
  69109   36093   44811   21427   15105   34539   85403   44377       0   14751   75883   46338     952   19133   13691   38812   20781   39903   33808    9238    4866   16169    3153     412    1494    2668     840
   2157   15406   14990   20583      79   19228    3415     317   14751       0    2043    1416     189      22       0       0       0       0     934      99      47       0       0       0       5       0       0
  76838   12245  178929   91453     543   93348   12477    4420   75883    2043       0   12497    2814   37552    1102    5815       4    4502    3835    9969    2474    1621       0     297       0       0       0 
  38553    2749  192208  106406    8440  113516    4828   17139   46338    1416   12497       0    6910   21290    9497   10782    1685    9227    4503   17521    2631   12022      74    1823       0     236       0
   5059    1051   10145   24513     147   19352    3553    1573     952     189    2814    6910       0    4428    5317     482     163    4394   11397     756     156     212       0       0       6      47       0
  30706    3316   74582   37391    8204   11332   54924    7630   19133      22   37552   21290    4428       0   13594   21645    2370   14129   16628   18677     129   17571    3720   73644     135     369      64
    720      96   31130   12718       0   32343     363      27   13691       0    1102    9497    5317   13594       0      16     109    5767    9567       6       0       4     594       0       0       0       0
   9864   22248   49266   52144       0   49034   15896       6   38812       0    5815   10782     482   21645      16       0       0      19    4736      79    3408       0       0     172    1003     412       0
     42       0   46334   12147       0   21223    1830     532   20781       0       4    1685     163    2370     109       0       0       0    2976       0       0       0       0       0       0       6       0
    355     239   68643   64437     143   54633     862     416   39903       0    4502    9227    4394   14129    5767      19       0       0    1793    9393      75     111       0       0       0      41       0
   7970     198   86895   62281    4273  103227    2355   12109   33808     934    3835    4503   11397   16628    9567    4736    2976    1793       0    8302    1091    7302       0     459       0     149       0
   2293    1044   31591   39719      11   32087      35       9    9238      99    9969   17521     756   18677       6      79       0    9393    8302       0       0      11       0       0    1566       0       0
      0       7    8345    3247      68    4046    4636      30    4866      47    2474    2631     156     129       0    3408       0      75    1091       0       0      28       0     124       0       0       0
    368    9420   19376   15999      10   18701   32736     722   16169       0    1621   12022     212   17571       4       0       0     111    7302      11      28       0       0       0       0      15       0
      0       0    9568    7055       0    7873     334      42    3153       0       0      74       0    3720     594       0       0       0       0       0       0       0       0       0       0       0       0
      0       6    1661     274       0    2938     676      12     412       0     297    1823       0   73644       0     172       0       0     459       0     124       0       0       0      27      62       0
   1240      87    5927     369      29    1125     134       0    1494       5       0       0       6     135       0    1003       0       0       0    1566       0       0       0      27       0       0       0
     35       0    3407    2393       0    4405     535       0    2668       0       0     236      47     369       0     412       6      41     149       0       0      15       0      62       0       0       0
      0       0    2155    3403       0    3226       0       0     840       0       0       0       0      64       0       0       0       0       0       0       0       0       0       0       0       0       0

