n = 38
     0  71973      0   7566  19473      0    604      0   3227  11031      0   2568      0   2823   3160      0      0      0     46      0      0   2240      0      0      0      8    219      0      0      0      0      0      0      0      0      0     12 113665 
 71973      0  74901   1160      0  29691  71245      0  43814  24384     30   6327   5270  27586    210  20187    814  11634  19384    373      0   1660   1157      0    493   1781      0    837    940      0      0      0     18    171      0      0      0 204347 
     0  74901      0  38385  22154    254   1714    392      0   7836    510  19367   5818     79  10090    379      0      0     11     61      0    404    209      0   1421    105    360      0      0      0    348    124      0      0      0      0      0 110080 
  7566   1160  38385      0      0  10780   8195      0  23636  14416    304  18907  16014  16168     44   2704      0   7370   6454   1958      0    273   3513      0    854   2237      0    428    636    468      0    148    144      0      0     49      0  69144 
 19473      0  22154      0      0      0   3371      0   3130   3524      0      0      0      0      0   1357      0      0      6      0      0      0      0      0      0      0      0      0     39      0      0      0      0      0      0      0      0  53485 
     0  29691    254  10780      0      0  12038      0  17623  12854      0  18805    315  12377   5179   1363     56      0      0     36   1590   7284      0      0      4    464    410      0      0      0    239      0      0      0      0      0     59  68729 
   604  71245   1714   8195   3371  12038      0      0  18817  14061    545  20011    802   5009   9148    337      0      0      3   2550      0   1643     12      0     19      0   1641    149      0      0      0      0      0      0      0      0     22 135531 
     0      0    392      0      0      0      0      0      0      0      0      0      0      0      0      0      0      0      0      0      0      0      0      0      0      0      0      0    371      0      0      0      0      0      0      0      0  32670 
  3227  43814      0  23636   3130  17623  18817      0      0  24096    286   9029      0   1423  38944   2817      0    258      0      0      0   1793    563      0      0   1047     30     23      0    398      0      0      0      0      0      0      0  45968 
 11031  24384   7836  14416   3524  12854  14061      0  24096      0  28253  14593   2877  23115  19178   1838   5203   3630    261      0      0      0    436      0    585    931     49    474   1221      0      0      0      0      0      0      0      0  42851 
     0     30    510    304      0      0    545      0    286  28253      0   4017      0     33     86      1      0      0      0      0      0     30      0      0      0      0      0      0      0      0      0      0      0      0      0      0      0  22973 
  2568   6327  19367  18907      0  18805  20011      0   9029  14593   4017      0    253  13685  12173   9218    969   2541   4743      0      0    780    817      0   1498   1012    866    594      0      0      0      0      0      0      0      0      0  21622 
     0   5270   5818  16014      0    315    802      0      0   2877      0    253      0   4910  12843      0    140      0   1456     45      0    862      0      0      0      0      0     15      0      0      0      0      0      0      0      0      0  36660 
  2823  27586     79  16168      0  12377   5009      0   1423  23115     33  13685   4910      0   9027   2410      0    939   1325      0    231   3606   1492      0   1081   1886   2241      0      0      0    354      0      0      0    101      0     23  23964 
  3160    210  10090     44      0   5179   9148      0  38944  19178     86  12173  12843   9027      0   9412      0   2294   8888    364      0      0   1773   1054    705    979      0    726   1293     86      0      0      0     87      0      0     52   9410 
     0  20187    379   2704   1357   1363    337      0   2817   1838      1   9218      0   2410   9412      0      0      0      0      0      0   1784      0      0      0      0    313   1993      0      0    124      0      0      0    117      0      0  21257 
     0    814      0      0      0     56      0      0      0   5203      0    969    140      0      0      0      0      0      0      0      0      0      0      0      0      0      0      0      0      0      0      0      0      0      0      0      0   6258 
     0  11634      0   7370      0      0      0      0    258   3630      0   2541      0    939   2294      0      0      0      0      0      0    914      0      0      0      0      0      0      0      0      0      0      0      0      0      0      0   2580 
    46  19384     11   6454      6      0      3      0      0    261      0   4743   1456   1325   8888      0      0      0      0      0   3581   1370      6      0   1256      2    704      0      0      0     92      0      0      0      0      0      0  16155 
     0    373     61   1958      0     36   2550      0      0      0      0      0     45      0    364      0      0      0      0      0      0      0      0      0      0      0      0      0      0      0      0      0      0      0      0      0      0   7452 
     0      0      0      0      0   1590      0      0      0      0      0      0      0    231      0      0      0      0   3581      0      0      0      0      0      0      0      0      0      0      0      0      0      0      0      0      0      0   1269 
  2240   1660    404    273      0   7284   1643      0   1793      0     30    780    862   3606      0   1784      0    914   1370      0      0      0    347      0    259   1275      0    535    378      0      0      0      0      0      0      0      0   8587 
     0   1157    209   3513      0      0     12      0    563    436      0    817      0   1492   1773      0      0      0      6      0      0    347      0      0      0      0      0      0      0      0      0      0      0      0      0      0      0   6648 
     0      0      0      0      0      0      0      0      0      0      0      0      0      0   1054      0      0      0      0      0      0      0      0      0      0      0      0      0      0      0      0      0      0      0      0      0      0   1116 
     0    493   1421    854      0      4     19      0      0    585      0   1498      0   1081    705      0      0      0   1256      0      0    259      0      0      0      0      0      0     43      0      0      0      0      0      0      0      0   1592 
     8   1781    105   2237      0    464      0      0   1047    931      0   1012      0   1886    979      0      0      0      2      0      0   1275      0      0      0      0     35      0      0      0      0      0      0      0      0      0      0   3524 
   219      0    360      0      0    410   1641      0     30     49      0    866      0   2241      0    313      0      0    704      0      0      0      0      0      0     35      0      0      0      0      0      0      0      0      0      0      0      0 
     0    837      0    428      0      0    149      0     23    474      0    594     15      0    726   1993      0      0      0      0      0    535      0      0      0      0      0      0      0      0    111      0      0      0      0      0      0   1624 
     0    940      0    636     39      0      0    371      0   1221      0      0      0      0   1293      0      0      0      0      0      0    378      0      0     43      0      0      0      0      0      0      0      0      0      0      0      0   1928 
     0      0      0    468      0      0      0      0    398      0      0      0      0      0     86      0      0      0      0      0      0      0      0      0      0      0      0      0      0      0      0      0      0      0      0      0      0      0 
     0      0    348      0      0    239      0      0      0      0      0      0      0    354      0    124      0      0     92      0      0      0      0      0      0      0      0    111      0      0      0      0      0      0      0      0      0      0 
     0      0    124    148      0      0      0      0      0      0      0      0      0      0      0      0      0      0      0      0      0      0      0      0      0      0      0      0      0      0      0      0      0      0      0      0      0      0 
     0     18      0    144      0      0      0      0      0      0      0      0      0      0      0      0      0      0      0      0      0      0      0      0      0      0      0      0      0      0      0      0      0      0      0      0      0    139 
     0    171      0      0      0      0      0      0      0      0      0      0      0      0     87      0      0      0      0      0      0      0      0      0      0      0      0      0      0      0      0      0      0      0      0      0      0    233 
     0      0      0      0      0      0      0      0      0      0      0      0      0    101      0    117      0      0      0      0      0      0      0      0      0      0      0      0      0      0      0      0      0      0      0      0      0      0 
     0      0      0     49      0      0      0      0      0      0      0      0      0      0      0      0      0      0      0      0      0      0      0      0      0      0      0      0      0      0      0      0      0      0      0      0      0     49 
    12      0      0      0      0     59     22      0      0      0      0      0      0     23     52      0      0      0      0      0      0      0      0      0      0      0      0      0      0      0      0      0      0      0      0      0      0      9 
113665 204347 110080  69144  53485  68729 135531  32670  45968  42851  22973  21622  36660  23964   9410  21257   6258   2580  16155   7452   1269   8587   6648   1116   1592   3524      0   1624   1928      0      0      0    139    233      0     49      9      0 
