n = 40
         0    551922    430703 14567922 11355281  1845580  6143080  6798758  6804133  6305549  3342972  2547101  3252003  2813156  2604427  1226601     99591  1459373    545025    426438    206101  2370058          0          0     48403    695512  1465222    286324          0          0    805244     43953          0    170157    218910          0     29323          0          0 12936480 
   551922          0     64069  6902595 12557192  7424653  8507910 12786360  5053272 14757614  6469724  3173357  2637530  7025489  1403280    714867          0  1254125  2819950          0  3436338    681476     19094          0    122185    845179    793963    198556          0          0          0    358285          0          0    135020          0          0          0          0 29204753 
   430703     64069          0  9237250  7192001  1856213  5662605  8306281  4135527  2587705  6137343    924119  3907216  3169066  1683561  2156614  5404226  1191481  1055438          0    114782  1860681          0          0    401390          0    638538     19887          0          0          0          0          0     37473    113875          0          0          0          0 20914368 
14567922  6902595  9237250          0    903915  8155474     27098  1318771  4563264    225932    430824  2583250  1386612     81664          0     64836  1973236          0    106144     44180          0     37973    209571    319464    560842          0          0          0          0    676621    100412     31745     26543          0    200485          0          0     25989          0 27478556 
11355281 12557192  7192001    903915          0  4355301  1147318    328052  4868991    950836  1075523  2312489  2146602     38997    289686    139505    307107  1252071    511511    445882    288946     21035    545492    745238    794647          0          0          0    129977    465069          0     36522          0          0          0     77658          0          0     28247  6157621 
 1845580  7424653  1856213  8155474  4355301          0  4250588  4862134  5334773  2263427  6745910    815371  1073316  2769844  2462520  1982690    125073  1514709    470876          0    330499    454343          0     24094          0    678099     18259    406713     21275          0          0          0          0          0          0     28178          0     18741          0  3989181 
 6143080  8507910  5662605     27098  1147318  4250588          0  2503166     21561     20054    353622  1299539     21561    153571          0          0     18263          0          0          0          0          0    258815          0    171640          0          0          0    158432          0          0    467391          0          0     31439          0          0          0          0  5386065 
 6798758 12786360  8306281  1318771    328052  4862134  2503166          0  5655842          0  1277339  1841085          0     23588    156972    216685          0    200199          0    302901    383295    612780          0     18547    126045          0          0          0    591194    165281          0    172167          0          0          0    169855          0     18741    174345 11205701 
 6804133  5053272  4135527  4563264  4868991  5334773     21561  5655842          0          0    453114  2665677     23629    801727          0          0    413932          0     72152          0          0  1933363    255360     93093    613998          0          0    106438    149781    375394          0     21511          0     18289          0     68699     22194          0          0  5503786 
 6305549 14757614  2587705    225932    950836  2263427     20054          0          0          0          0  6601847    522134    445066          0          0    131030          0    507232          0          0          0    379092    111943     54389          0          0          0     18293          0          0     41573          0          0     48353     55025          0          0    192991  9941845 
 3342972  6469724  6137343    430824  1075523  6745910    353622  1277339    453114          0          0  1500515          0    244148          0          0          0          0          0          0          0    335044    393596     66133    488834          0          0          0     18213          0          0          0          0          0          0     30775          0          0          0  7349893 
 2547101  3173357    924119  2583250  2312489    815371  1299539  1841085  2665677  6601847  1500515          0    833657  2139955     38424    386518          0  1294512    213602  2822072     18124     27891     22898          0     77619    166574    108496     21394    160536          0          0          0          0          0          0          0          0          0          0  8049324 
 3252003  2637530  3907216  1386612  2146602  1073316     21561          0     23629    522134          0    833657          0    329971          0          0          0          0          0          0          0     57756    129378    120519    118993          0          0    101797          0     49964     28048     69644          0          0          0          0          0          0          0  7237786 
 2813156  7025489  3169066     81664     38997  2769844    153571     23588    801727    445066    244148  2139955    329971          0    144876    155603          0    476660    201045          0          0  1657265     93436     65727    557732          0          0          0          0     52622          0     43089          0          0          0          0     23588          0     46893  5411548 
 2604427  1403280  1683561          0    289686  2462520          0    156972          0          0          0     38424          0    144876          0          0          0          0          0          0          0          0          0    167363    408684          0          0          0          0          0          0     33408          0          0          0          0          0          0          0  2272025 
 1226601    714867  2156614     64836    139505  1982690          0    216685          0          0          0    386518          0    155603          0          0          0          0          0          0          0          0          0    161547    162191          0          0     19887          0          0          0          0          0          0     44064          0          0          0          0  3733130 
    99591          0  5404226  1973236    307107    125073     18263          0    413932    131030          0          0          0          0          0          0          0          0          0          0  2460222          0          0          0          0          0     18259     56695          0          0          0          0          0          0          0          0          0          0          0     59258 
 1459373  1254125  1191481          0  1252071  1514709          0    200199          0          0          0  1294512          0    476660          0          0          0          0          0          0          0     22566     85968    124873     91926          0          0          0     33715     52622          0          0          0          0     24902          0          0          0          0    890602 
   545025  2819950  1055438    106144    511511    470876          0          0     72152    507232          0    213602          0    201045          0          0          0          0          0          0          0          0          0    160500          0          0    238593          0          0          0          0     69644          0          0          0          0    182176          0          0  1203128 
   426438          0          0     44180    445882          0          0    302901          0          0          0  2822072          0          0          0          0          0          0          0          0          0          0          0          0          0          0          0          0          0          0          0          0          0          0          0          0          0          0          0  1602671 
   206101  3436338    114782          0    288946    330499          0    383295          0          0          0     18124          0          0          0          0  2460222          0          0          0          0          0          0          0          0          0          0          0          0          0    538685          0          0          0          0          0          0          0          0     18124 
 2370058    681476  1860681     37973     21035    454343          0    612780  1933363          0    335044     27891     57756  1657265          0          0          0     22566          0          0          0          0          0    571495          0          0          0          0          0          0    119836          0          0          0          0          0          0          0          0  2052086 
         0     19094          0    209571    545492          0    258815          0    255360    379092    393596     22898    129378     93436          0          0          0     85968          0          0          0          0          0          0          0          0          0     48474          0          0          0          0          0          0          0          0          0          0          0          0 
         0          0          0    319464    745238     24094          0     18547     93093    111943     66133          0    120519     65727    167363    161547          0    124873    160500          0          0    571495          0          0          0          0          0     44946          0          0          0          0          0          0          0          0          0          0          0    804584 
    48403    122185    401390    560842    794647          0    171640    126045    613998     54389    488834     77619    118993    557732    408684    162191          0     91926          0          0          0          0          0          0          0     55416          0          0          0          0          0          0          0          0          0          0          0          0          0     85652 
   695512    845179          0          0          0    678099          0          0          0          0          0    166574          0          0          0          0          0          0          0          0          0          0          0          0     55416          0          0          0          0          0          0          0          0          0          0          0          0          0          0    451138 
 1465222    793963    638538          0          0     18259          0          0          0          0          0    108496          0          0          0          0     18259          0    238593          0          0          0          0          0          0          0          0          0          0          0          0          0          0          0          0          0          0          0          0    335292 
   286324    198556     19887          0          0    406713          0          0    106438          0          0     21394    101797          0          0     19887     56695          0          0          0          0          0     48474     44946          0          0          0          0          0    114737          0          0          0          0          0          0          0          0          0    530664 
         0          0          0          0    129977     21275    158432    591194    149781     18293     18213    160536          0          0          0          0          0     33715          0          0          0          0          0          0          0          0          0          0          0          0          0          0          0          0          0          0          0          0          0     62442 
         0          0          0    676621    465069          0          0    165281    375394          0          0          0     49964     52622          0          0          0     52622          0          0          0          0          0          0          0          0          0    114737          0          0          0          0          0          0          0          0          0          0          0    486438 
   805244          0          0    100412          0          0          0          0          0          0          0          0     28048          0          0          0          0          0          0          0    538685    119836          0          0          0          0          0          0          0          0          0          0          0          0          0          0          0          0          0     18263 
    43953    358285          0     31745     36522          0    467391    172167     21511     41573          0          0     69644     43089     33408          0          0          0     69644          0          0          0          0          0          0          0          0          0          0          0          0          0          0          0          0          0          0          0          0    115438 
         0          0          0     26543          0          0          0          0          0          0          0          0          0          0          0          0          0          0          0          0          0          0          0          0          0          0          0          0          0          0          0          0          0          0          0          0          0          0          0     26543 
   170157          0     37473          0          0          0          0          0     18289          0          0          0          0          0          0          0          0          0          0          0          0          0          0          0          0          0          0          0          0          0          0          0          0          0          0          0          0          0          0    511253 
   218910    135020    113875    200485          0          0     31439          0          0     48353          0          0          0          0          0     44064          0     24902          0          0          0          0          0          0          0          0          0          0          0          0          0          0          0          0          0          0          0          0          0     19096 
         0          0          0          0     77658     28178          0    169855     68699     55025     30775          0          0          0          0          0          0          0          0          0          0          0          0          0          0          0          0          0          0          0          0          0          0          0          0          0          0          0          0     19570 
    29323          0          0          0          0          0          0          0     22194          0          0          0          0     23588          0          0          0          0    182176          0          0          0          0          0          0          0          0          0          0          0          0          0          0          0          0          0          0          0          0    356537 
         0          0          0     25989          0     18741          0     18741          0          0          0          0          0          0          0          0          0          0          0          0          0          0          0          0          0          0          0          0          0          0          0          0          0          0          0          0          0          0          0     25989 
         0          0          0          0     28247          0          0    174345          0    192991          0          0          0     46893          0          0          0          0          0          0          0          0          0          0          0          0          0          0          0          0          0          0          0          0          0          0          0          0          0          0 
12936480 29204753 20914368 27478556  6157621  3989181  5386065 11205701  5503786  9941845  7349893  8049324  7237786  5411548  2272025  3733130     59258    890602  1203128  1602671     18124  2052086          0    804584     85652    451138    335292    530664     62442    486438     18263    115438     26543    511253     19096     19570    356537     25989          0          0 

