n = 40
         0    657825    207914 16591304 12649899  2733899  6901580  7348175  7995616  8260402  3333634  2893502  3476647  3807884  1917272  2530908          0  1430435    946583    178200    211891    273534          0          0     28857    359726    906327    754624          0          0    729512     95999          0     30257    121912          0     20290     20290          0 14017228 
   657825          0    527568 10120249  7617024  4446067 11088913  5772338  5616080  5274942  4185544  3546202  3192933  6337898  1429876    237196          0    710444    772410    359709  2456063  1164638          0          0    475916    899732    748965    164842          0          0          0    585780     18130     25387     38117          0          0          0          0 14824118 
   207914    527568          0 13674752  7942079  4666304 11535703  4780070  5663672 10951351  9316639    861908  2604403  2280038    850787  1082601  4770990    591689  1191628     18248    197639  1081622          0          0     50615    137983    372367    104308          0          0          0          0          0    105243     19096          0    102799          0          0 22571928 
16591304 10120249 13674752          0    297879  5620954          0  1442144  4660367     61160    658309  3431068    797458     21586          0     47547    593232          0    188852          0     18130     77959    207921    210742    647518          0          0          0    146010    270664     19320          0          0     45188    153972          0          0          0          0 34020233 
12649899  7617024  7942079    297879          0  4192836    328254    659214  3074357    509362    560379    876377  4741674     18186    403614    265265    132448    628646    857334     28674    108925          0    209265  1172138    277318          0          0          0    181757    333352          0          0          0          0          0     71161          0    102799     25018  6776884 
 2733899  4446067  4666304  5620954  4192836          0  5351857  5569879  6420524  2031203  6148009  1981487  1080400  3057853  1985305  1412853    136310    713154    313414          0    450584    175908          0     52411          0    846755          0    261883    227221          0          0          0          0          0          0     40326          0     18741          0  4609081 
 6901580 11088913 11535703          0    328254  5351857          0  1473910          0     74815          0  1446482          0     88566          0          0          0          0     56629          0          0          0          0          0     88351          0          0          0     18293     40259          0    746317          0          0          0          0          0          0     18530 15121881 
 7348175  5772338  4780070  1442144    659214  5569879  1473910          0  7210172          0  2093177  1222339          0          0    245664    222082          0    427842          0     22898    790505  1030482     28499    202391    308627          0          0          0    598714    137477          0     45672          0          0          0    128209          0     18741    116908  3700327 
 7995616  5616080  5663672  4660367  3074357  6420524          0  7210172          0          0    389667  3157145          0    652597          0          0    501438          0          0          0          0    158080    395271    277302    426049          0          0    169582     21775    164143    150683          0          0     25697          0     20391     22082          0     28725  4705095 
 8260402  5274942 10951351     61160    509362  2031203     74815          0          0          0          0  1650604  1197507    140772          0          0     69907          0    400394          0          0          0    469338    189557     20543          0          0          0     18293     19222          0          0          0          0          0    111487          0     18186     83651 10111368 
 3333634  4185544  9316639    658309    560379  6148009          0  2093177    389667          0          0  1006634          0    536347          0          0          0          0     45932          0     18810    172496    169843     18547    266618          0          0     70584    236834          0          0          0          0          0     27968     21976          0          0          0  9733759 
 2893502  3546202    861908  3431068    876377  1981487  1446482  1222339  3157145  1650604  1006634          0  1256115  1716509     84039    404321          0    931277    282923  1912426    756024     47737     22898     43627     39490    146153    145047          0     36671          0          0          0          0          0     22920          0          0          0          0  2717471 
 3476647  3192933  2604403    797458  4741674  1080400          0          0          0  1197507          0  1256115          0    385740          0          0          0          0          0          0     73203          0    149640     55427    178530          0          0    127115          0    263478     28048    329500          0          0          0          0          0          0     18530  7857442 
 3807884  6337898  2280038     21586     18186  3057853     88566          0    652597    140772    536347  1716509    385740          0     80834     84196          0    209626    697673    290592          0  1085368    337039     24528    181069          0          0          0          0     19349          0    201379          0          0          0          0          0          0     20486  4445165 
 1917272  1429876    850787          0    403614  1985305          0    245664          0          0          0     84039          0     80834          0          0          0          0          0          0          0          0     40880     75618    133903          0          0          0     19802     19222          0     64538          0          0          0     28331          0          0          0  2081031 
 2530908    237196  1082601     47547    265265  1412853          0    222082          0          0          0    404321          0     84196          0          0          0          0          0          0          0          0          0     30913    163205          0          0          0          0     23615          0          0          0          0     19289     37941          0          0          0  2799504 
         0          0  4770990    593232    132448    136310          0          0    501438     69907          0          0          0          0          0          0          0          0          0          0  3276478    157369          0          0          0          0          0          0          0          0          0          0          0          0          0          0          0          0          0    172104 
 1430435    710444    591689          0    628646    713154          0    427842          0          0          0    931277          0    209626          0          0          0          0          0          0          0     20067     85968     55427     32882          0          0          0     79819          0          0          0          0          0          0          0          0          0          0    792022 
   946583    772410  1191628    188852    857334    313414     56629          0          0    400394     45932    282923          0    697673          0          0          0          0          0          0          0          0          0    149505     48684          0    113494          0     18302          0          0    329500          0          0          0          0          0          0          0  1051419 
   178200    359709     18248          0     28674          0          0     22898          0          0          0  1912426          0    290592          0          0          0          0          0          0          0          0          0     29910          0          0          0          0          0          0          0          0          0          0          0          0          0          0          0  1020691 
   211891  2456063    197639     18130    108925    450584          0    790505          0          0     18810    756024     73203          0          0          0  3276478          0          0          0          0          0          0          0          0          0          0          0          0          0    178215          0          0          0          0          0          0          0          0     78413 
   273534  1164638  1081622     77959          0    175908          0  1030482    158080          0    172496     47737          0  1085368          0          0    157369     20067          0          0          0          0          0    174800          0          0          0          0          0          0    283353          0          0          0          0          0          0          0          0    865903 
         0          0          0    207921    209265          0          0     28499    395271    469338    169843     22898    149640    337039     40880          0          0     85968          0          0          0          0          0          0          0          0          0     36883          0          0          0          0          0          0          0          0          0          0          0     23367 
         0          0          0    210742  1172138     52411          0    202391    277302    189557     18547     43627     55427     24528     75618     30913          0     55427    149505     29910          0    174800          0          0          0          0    997080     74110          0          0          0          0          0          0          0          0          0          0          0  1829939 
    28857    475916     50615    647518    277318          0     88351    308627    426049     20543    266618     39490    178530    181069    133903    163205          0     32882     48684          0          0          0          0          0          0          0          0          0          0          0          0          0          0          0          0          0          0          0          0    212613 
   359726    899732    137983          0          0    846755          0          0          0          0          0    146153          0          0          0          0          0          0          0          0          0          0          0          0          0          0          0          0          0          0     48006          0          0          0          0          0          0          0          0    386723 
   906327    748965    372367          0          0          0          0          0          0          0          0    145047          0          0          0          0          0          0    113494          0          0          0          0    997080          0          0          0          0          0          0          0          0          0          0          0          0          0          0          0  1963138 
   754624    164842    104308          0          0    261883          0          0    169582          0     70584          0    127115          0          0          0          0          0          0          0          0          0     36883     74110          0          0          0          0          0          0     21887          0          0          0          0          0          0          0          0    117316 
         0          0          0    146010    181757    227221     18293    598714     21775     18293    236834     36671          0          0     19802          0          0     79819     18302          0          0          0          0          0          0          0          0          0          0          0          0          0          0          0          0          0          0          0          0    245883 
         0          0          0    270664    333352          0     40259    137477    164143     19222          0          0    263478     19349     19222     23615          0          0          0          0          0          0          0          0          0          0          0          0          0          0          0          0          0          0          0          0          0          0          0     73579 
   729512          0          0     19320          0          0          0          0    150683          0          0          0     28048          0          0          0          0          0          0          0    178215    283353          0          0          0     48006          0     21887          0          0          0          0          0          0          0          0          0          0          0          0 
    95999    585780          0          0          0          0    746317     45672          0          0          0          0    329500    201379     64538          0          0          0    329500          0          0          0          0          0          0          0          0          0          0          0          0          0          0          0          0          0          0          0          0    201379 
         0     18130          0          0          0          0          0          0          0          0          0          0          0          0          0          0          0          0          0          0          0          0          0          0          0          0          0          0          0          0          0          0          0          0          0          0          0          0          0     18130 
    30257     25387    105243     45188          0          0          0          0     25697          0          0          0          0          0          0          0          0          0          0          0          0          0          0          0          0          0          0          0          0          0          0          0          0          0          0          0          0          0          0    245156 
   121912     38117     19096    153972          0          0          0          0          0          0     27968     22920          0          0          0     19289          0          0          0          0          0          0          0          0          0          0          0          0          0          0          0          0          0          0          0          0          0          0          0     19096 
         0          0          0          0     71161     40326          0    128209     20391    111487     21976          0          0          0     28331     37941          0          0          0          0          0          0          0          0          0          0          0          0          0          0          0          0          0          0          0          0          0          0          0     19570 
    20290          0    102799          0          0          0          0          0     22082          0          0          0          0          0          0          0          0          0          0          0          0          0          0          0          0          0          0          0          0          0          0          0          0          0          0          0          0          0          0    145171 
    20290          0          0          0    102799     18741          0     18741          0     18186          0          0          0          0          0          0          0          0          0          0          0          0          0          0          0          0          0          0          0          0          0          0          0          0          0          0          0          0          0    261369 
         0          0          0          0     25018          0     18530    116908     28725     83651          0          0     18530     20486          0          0          0          0          0          0          0          0          0          0          0          0          0          0          0          0          0          0          0          0          0          0          0          0          0          0 
14017228 14824118 22571928 34020233  6776884  4609081 15121881  3700327  4705095 10111368  9733759  2717471  7857442  4445165  2081031  2799504    172104    792022  1051419  1020691     78413    865903     23367  1829939    212613    386723  1963138    117316    245883     73579          0    201379     18130    245156     19096     19570    145171    261369          0          0 

