n = 38
      0  103261   43978   51288    1446   36822   27237       0   46258    1290   20823   15566     884   16988     103    2107       0       0    1756     492       0     553       0       0     266     195  189247       0    1610    7347       0     384       0     240       0       0      58   63855 
 103261       0   86776   10063       0   26690     165       0   34295   11927    5581    1199     330    1050       0    9239       0       0       0       9       0    4509       0       0       0       0   63352       0       0     549       0       0       0     115       0       0       0    1559 
  43978   86776       0    1094    5662    8148   78066   86540   11323    8818   94417   70062    5931   25091   12113   24643   26749   33484   68947    7978    3823    3978    1084      39    1219       0  130776       0       0    1697       0       0       0       0       0       0       0  183820 
  51288   10063    1094       0   52061     149   64025   13003   18408   11240   17718   37393    7966   45958    3087   18316    4223   21031   10233   16259    1413    8943    1510      80       0       1   95855       0       0       0    1146       0      93       0       0       0      57    9381 
   1446       0    5662   52061       0    5961     701       0    5205       0      16   10928       0     909       0       0       0       2    1804       0       0       0       0       0       0       0   61617       0       0     335       0       0       0       0       0       0       0    6616 
  36822   26690    8148     149    5961       0   68832   26821   18270   12966   36269   35413    7022   20339    3266    8963   12161   20646   53281   17744    1808    4961     593     308       0       0   59409       0       0     286       0       0     441       0     150       0       0   68953 
  27237     165   78066   64025     701   68832       0   35670   37115    1850   19962    2439    7242   22755     214    3755     275      49    1203       0    2097    8536       0     273       0    3322   58411       0       0    1805       0      30     394       0       0       0       0   50828 
      0       0   86540   13003       0   26821   35670       0    8111       0    1498    5114     514   16657       0       0       0      60    6741       0       0      76       0       0       0   14416   67485       0       0    2166       0     223       0       0       0       0      10  109379 
  46258   34295   11323   18408    5205   18270   37115    8111       0   10418   45322   14724      91    9777    1552    9345    4451   16894   23040     504    2040    4196       0    3990    1068     163   60986       0       0     821       0     924       0       0       0       0       0   21781 
   1290   11927    8818   11240       0   12966    1850       0   10418       0     422     331       0       0       0       0       0       0     484       0       0       0       0       0       0       0   48431       0       0       0       0       0       0       0       0       0       0     150 
  20823    5581   94417   17718      16   36269   19962    1498   45322     422       0    7981    3894   19593     113     400       0    1563    2369    1567     671     450       0     538       0    3647   76358       0       0    1684       0    6741       0       0       0       0      25  135561 
  15566    1199   70062   37393   10928   35413    2439    5114   14724     331    7981       0    2760   28357    1627    2872    1064    3024     950    5506    1076    8734       0      28       0       0   36012       0     252    3598       0    7217       0     386       0      94      26   23955 
    884     330    5931    7966       0    7022    7242     514      91       0    3894    2760       0       0    4543       0      38    3149    2024     216       3       0       0       0       0       0   31694       0       0       0       0       0       0       0       0       0       0    2464 
  16988    1050   25091   45958     909   20339   22755   16657    9777       0   19593   28357       0       0    4665    3847    3771    2366   17977    6372      20    3697    1679   28923    5202    3494   10926       0       0       0       0      42       0       0       0       0       0   47779 
    103       0   12113    3087       0    3266     214       0    1552       0     113    1627    4543    4665       0       0       0    1436    2277       0       0       0     206       0       0       0   26388       0       0     271       0       0       0       0       0       0       0    1632 
   2107    9239   24643   18316       0    8963    3755       0    9345       0     400    2872       0    3847       0       0       0       0     634       0     777       0       0       0     102    6377    8301       0       0    1855       0     316       0     119       0     125       0   21399 
      0       0   26749    4223       0   12161     275       0    4451       0       0    1064      38    3771       0       0       0       0     214       0       0       0       0       0       0      83    1646       0       0     961       0       0       0       0       0       0       0    2628 
      0       0   33484   21031       2   20646      49      60   16894       0    1563    3024    3149    2366    1436       0       0       0     249    1645       0       0       0       0       0       6   31386       0    3681    1332       0     635       0     107       0       0       0   21204 
   1756       0   68947   10233    1804   53281    1203    6741   23040     484    2369     950    2024   17977    2277     634     214     249       0   12543     154     470       0     487       0   27429   19389     357       0     452       0     406       0     331     148       0       0  110350 
    492       9    7978   16259       0   17744       0       0     504       0    1567    5506     216    6372       0       0       0    1645   12543       0       0       0       0       0     181       0    7435       0       0    5839       0       0       0       0       0       0       0   51812 
      0       0    3823    1413       0    1808    2097       0    2040       0     671    1076       3      20       0     777       0       0     154       0       0       0       0      37       0       0    5696       0       0       0       0       0       0       0       0       0       0      70 
    553    4509    3978    8943       0    4961    8536      76    4196       0     450    8734       0    3697       0       0       0       0     470       0       0       0       0       0       0       0   12860       0       0    1237       0      34       0       0       0       0       0    8480 
      0       0    1084    1510       0     593       0       0       0       0       0       0       0    1679     206       0       0       0       0       0       0       0       0       0       0      47     658     391       0     344       0       0       0       0       0       0       0    2005 
      0       0      39      80       0     308     273       0    3990       0     538      28       0   28923       0       0       0       0     487       0      37       0       0       0       0       0     381       0       0      29       0       0       0       0       0       0       0   18007 
    266       0    1219       0       0       0       0       0    1068       0       0       0       0    5202       0     102       0       0       0     181       0       0       0       0       0       0      91       0       0       0       0       0       0       0       0       0       0    6267 
    195       0       0       1       0       0    3322   14416     163       0    3647       0       0    3494       0    6377      83       6   27429       0       0       0      47       0       0       0      58       0       0       0       0       0       0       0       0       0       0   48481 
 189247   63352  130776   95855   61617   59409   58411   67485   60986   48431   76358   36012   31694   10926   26388    8301    1646   31386   19389    7435    5696   12860     658     381      91      58       0       0       0       0       0       0       0       0       0       0       0     225 
      0       0       0       0       0       0       0       0       0       0       0       0       0       0       0       0       0       0     357       0       0       0     391       0       0       0       0       0       0       0       0       0       0       0       0       0       0   32773 
   1610       0       0       0       0       0       0       0       0       0       0     252       0       0       0       0       0    3681       0       0       0       0       0       0       0       0       0       0       0       0       0       0       0       0       0       0       0    1275 
   7347     549    1697       0     335     286    1805    2166     821       0    1684    3598       0       0     271    1855     961    1332     452    5839       0    1237     344      29       0       0       0       0       0       0       0       0       0       0       0       0       0    8464 
      0       0       0    1146       0       0       0       0       0       0       0       0       0       0       0       0       0       0       0       0       0       0       0       0       0       0       0       0       0       0       0       0       0       0       0       0       0    1110 
    384       0       0       0       0       0      30     223     924       0    6741    7217       0      42       0     316       0     635     406       0       0      34       0       0       0       0       0       0       0       0       0       0       0       0       0       0       0       0 
      0       0       0      93       0     441     394       0       0       0       0       0       0       0       0       0       0       0       0       0       0       0       0       0       0       0       0       0       0       0       0       0       0       0       0       0       0       0 
    240     115       0       0       0       0       0       0       0       0       0     386       0       0       0     119       0     107     331       0       0       0       0       0       0       0       0       0       0       0       0       0       0       0       0       0       0       0 
      0       0       0       0       0     150       0       0       0       0       0       0       0       0       0       0       0       0     148       0       0       0       0       0       0       0       0       0       0       0       0       0       0       0       0       0       0       0 
      0       0       0       0       0       0       0       0       0       0       0      94       0       0       0     125       0       0       0       0       0       0       0       0       0       0       0       0       0       0       0       0       0       0       0       0       0       0 
     58       0       0      57       0       0       0      10       0       0      25      26       0       0       0       0       0       0       0       0       0       0       0       0       0       0       0       0       0       0       0       0       0       0       0       0       0      10 
  63855    1559  183820    9381    6616   68953   50828  109379   21781     150  135561   23955    2464   47779    1632   21399    2628   21204  110350   51812      70    8480    2005   18007    6267   48481     225   32773    1275    8464    1110       0       0       0       0       0      10       0 

