n = 38
      0  118197   39020   41033    1444   36553   27153       0   46495    1305   20507   15616     958   16943     105    2039       0       0    1749     501       0     517       0       0     293     206  194701       0    6579    7262       0     370       0     230       0       0      43   68878 
 118197       0   87201   10108       0   36438     156       0   29443   12065    5583    1274     350    1075       0   14242       0       0       0      10       0    4473       0       0       0       0   78336       0       0     522       0       0       0     105       0       0       0    1534 
  39020   87201       0    1077    5621    8166   58413   91584   11300    9040   84673   65154    6020   24950   12162   20107   21597   33669   73828    8052    3776    3876    1104      44    1105       0  125514       0       0    1636       0       0       0       0       0       0       0  194160 
  41033   10108    1077       0   46705     127   68452    8119   13736   16387   17717   38018    8035   46531    3100   18243    4101   20863   10451   21156    1386    3927    1450      92       0      12  116338       0       0       0    1088       0      89       0       0       0      60    9384 
   1444       0    5621   46705       0    5976     654       0    5181       0      16    5887       0     921       0       0       0       4    1826       0       0       0       0       0       0       0   51740       0       0     365       0       0       0       0       0       0       0   11588 
  36553   36438    8166     127    5976       0   68701   16412   18407   13005   30930   30290    6985   15426    3329   14208   12234   15845   58265   17761    1874    5222     598     302       0       0   68943       0       0     282       0       0     478       0     163       0       0   69166 
  27153     156   58413   68452     654   68701       0   36147   37036    1890   19658    2298    2241   27498     255    3892     260      64    1257       0    2108    8646       0     295       0    3346   58452       0       0    1742       0      40    5408       0       0       0       0   46374 
      0       0   91584    8119       0   16412   36147       0    8165       0    1457    5025     573   16625       0       0       0      55    6586       0       0      73       0       0       0   19454   72376       0       0    2221       0     224       0       0       0       0      19  133810 
  46495   29443   11300   13736    5181   18407   37036    8165       0   10399   34907   15007      85    9733    1515    9234    4561   12157   23193     512    2006    4040       0    4046    1067     219   60731       0       0     880       0     906       0       0       0       0       0   21592 
   1305   12065    9040   16387       0   13005    1890       0   10399       0     397     326       0       0       0       0       0       0     451       0       0       0       0       0       0       0   48302       0       0       0       0       0       0       0       0       0       0     150 
  20507    5583   84673   17717      16   30930   19658    1457   34907     397       0    8032    3756   19961     108     423       0    1548    2336    1534     664     424       0     505       0    3550   70892       0       0    1702       0    1583       0       0       0       0      23  139876 
  15616    1274   65154   38018    5887   30290    2298    5025   15007     326    8032       0    2708   23583    1599    2889    1038    3197     997   10582    1148    3662       0      32       0       1   36202       0     217    3667       0    2201       0     362       0      99      27   28927 
    958     350    6020    8035       0    6985    2241     573      85       0    3756    2708       0       0    4477       0      34    8186    2004     249       3       0       0       0       0       0   36613       0       0       0       0       0       0       0       0       0       0    2419 
  16943    1075   24950   46531     921   15426   27498   16625    9733       0   19961   23583       0       0    4676    8837    3660    2298   13004    6546      23    3595    1694   24054    5376    3458   10828       0       0       0       0      41       0       0       0       0       0   37987 
    105       0   12162    3100       0    3329     255       0    1515       0     108    1599    4477    4676       0       0       0    1445    2212       0       0       0     203       0       0       0   21563       0       0     269       0       0       0       0       0       0       0    1621 
   2039   14242   20107   18243       0   14208    3892       0    9234       0     423    2889       0    8837       0       0       0       0     655       0     777       0       0       1      91    1375   13206       0       0    1768       0     329       0      86       0     134       0   31465 
      0       0   21597    4101       0   12234     260       0    4561       0       0    1038      34    3660       0       0       0       0     234       0       0       0       0       0       0      77    1672       0       0     955       0       0       0       0       0       0       0    2667 
      0       0   33669   20863       4   15845      64      55   12157       0    1548    3197    8186    2298    1445       0       0       0     283    1605       0       2       0       0       0      12   30920       0    3587    1441       0     703       0      94       0       0       0   16017 
   1749       0   73828   10451    1826   58265    1257    6586   23193     451    2336     997    2004   13004    2212     655     234     283       0    7519     173     476       0     511       0   22440   19305     375       0     401       0     385       0     366     148       0       0  110496 
    501      10    8052   21156       0   17761       0       0     512       0    1534   10582     249    6546       0       0       0    1605    7519       0       0       0       0       0     206       0    7518       0       0     838       0       0       0       0       0       0       0   41881 
      0       0    3776    1386       0    1874    2108       0    2006       0     664    1148       3      23       0     777       0       0     173       0       0       0       0      30       0       0    5598       0       0       0       0       0       0       0       0       0       0      50 
    517    4473    3876    3927       0    5222    8646      73    4040       0     424    3662       0    3595       0       0       0       2     476       0       0       0       0       0       0       0   12726       0       0    1235       0      31       0       0       0       0       0    8465 
      0       0    1104    1450       0     598       0       0       0       0       0       0       0    1694     203       0       0       0       0       0       0       0       0       0       0      34     646     403       0     335       0       0       0       0       0       0       0    2006 
      0       0      44      92       0     302     295       0    4046       0     505      32       0   24054       0       1       0       0     511       0      30       0       0       0       0       0     393       0       0      32       0       0       0       0       0       0       0   17853 
    293       0    1105       0       0       0       0       0    1067       0       0       0       0    5376       0      91       0       0       0     206       0       0       0       0       0       0      75       0       0       0       0       0       0       0       0       0       0    6212 
    206       0       0      12       0       0    3346   19454     219       0    3550       1       0    3458       0    1375      77      12   22440       0       0       0      34       0       0       0      50       0       0       0       0       0       0       0       0       0       0   48184 
 194701   78336  125514  116338   51740   68943   58452   72376   60731   48302   70892   36202   36613   10828   21563   13206    1672   30920   19305    7518    5598   12726     646     393      75      50       0       0       0       0       0       0       0       0       0       0       0     258 
      0       0       0       0       0       0       0       0       0       0       0       0       0       0       0       0       0       0     375       0       0       0     403       0       0       0       0       0       0       0       0       0       0       0       0       0       0   32975 
   6579       0       0       0       0       0       0       0       0       0       0     217       0       0       0       0       0    3587       0       0       0       0       0       0       0       0       0       0       0       0       0       0       0       0       0       0       0    1178 
   7262     522    1636       0     365     282    1742    2221     880       0    1702    3667       0       0     269    1768     955    1441     401     838       0    1235     335      32       0       0       0       0       0       0       0       0       0       0       0       0       0   18329 
      0       0       0    1088       0       0       0       0       0       0       0       0       0       0       0       0       0       0       0       0       0       0       0       0       0       0       0       0       0       0       0       0       0       0       0       0       0    1087 
    370       0       0       0       0       0      40     224     906       0    1583    2201       0      41       0     329       0     703     385       0       0      31       0       0       0       0       0       0       0       0       0       0       0       0       0       0       0       0 
      0       0       0      89       0     478    5408       0       0       0       0       0       0       0       0       0       0       0       0       0       0       0       0       0       0       0       0       0       0       0       0       0       0       0       0       0       0       0 
    230     105       0       0       0       0       0       0       0       0       0     362       0       0       0      86       0      94     366       0       0       0       0       0       0       0       0       0       0       0       0       0       0       0       0       0       0       0 
      0       0       0       0       0     163       0       0       0       0       0       0       0       0       0       0       0       0     148       0       0       0       0       0       0       0       0       0       0       0       0       0       0       0       0       0       0       0 
      0       0       0       0       0       0       0       0       0       0       0      99       0       0       0     134       0       0       0       0       0       0       0       0       0       0       0       0       0       0       0       0       0       0       0       0       0       0 
     43       0       0      60       0       0       0      19       0       0      23      27       0       0       0       0       0       0       0       0       0       0       0       0       0       0       0       0       0       0       0       0       0       0       0       0       0      14 
  68878    1534  194160    9384   11588   69166   46374  133810   21592     150  139876   28927    2419   37987    1621   31465    2667   16017  110496   41881      50    8465    2006   17853    6212   48184     258   32975    1178   18329    1087       0       0       0       0       0      14       0 

