n = 34
      0  108241   72324  143580    1503  128818   58846       0  101199    1377   69452   74279     876   52790     116     766     264       0   31950     199       0     114       0       0    5227     814  193721       0       0       0       0       0    9638   46354 
 108241       0  173049   18706       0   54720     303       0   34970   11813    5482    1228     357     564       0  106578       0       0       0       0       0    4534       0       0       0     237   58454       0       0    5850       0       0       0   27758 
  72324  173049       0    1033    9013   12783  145937  136311   50626   14132  122474  261563    5579   41534   28055   44994   64766   83099  202117   75050    3670   21638     161       8    1537    3975  129886       0       0       0       0       0       0  573758 
 143580   18706    1033       0   68058     587  280371   58607   61618   11302  110855  148511    8019   42419    6386  111649   31455   74082   89262   68113    1430   33847     345       0       0    1394   94914     725       0       0       0       0       0  363964 
   1503       0    9013   68058       0   22739    2933       0   30103       0     193   10645       0    4953       0       0       0       0    1648       0       0       0       0       0       0       0   55925       0       0       0       0       0       0   59210 
 128818   54720   12783     587   22739       0  167938   68156   54724   12847   71565  133022    5010   30599   10558   40527   43107   90085  245697   32779    1833   26858       0       0     304       0   88203       0       0       0       0       0       0  633370 
  58846     303  145937  280371    2933  167938       0   75217  160994    1905    6799    9910    2257  117356     228   21842    2671      55    1297       0    2110   19474       0    2311       0    5024   67840       0       0     906       0       0       0  269873 
      0       0  136311   58607       0   68156   75217       0   58694       0    1120   11380     578   15994       0     326       0       0    7330     335       0      70       0       0       0   16286   67566       0       0       0     442       0     359  233704 
 101199   34970   50626   61618   30103   54724  160994   58694       0   10467  101872   68938      88   18057   14755   74463   27171   59727  142920   33370    7042   47779       0       0     364     183   85400       0   14535       0       0     861    3226  423000 
   1377   11813   14132   11302       0   12847    1905       0   10467       0     431     315       0       0       0       0       0       0     485       0       0       0       0       0       0       0   58917       0       0       0       0       0       0     344 
  69452    5482  122474  110855     193   71565    6799    1120  101872     431       0   14263    1158   49261      98    8385     226    1737    1027    9822     660     770       0     667       0     774   71129       0       0     516   10270       0       0  185146 
  74279    1228  261563  148511   10645  133022    9910   11380   68938     315   14263       0    7634   17432   10288   11942    4836   11748    4163   38700    1403   10942       0       0       0       1   38111       0       0       0       0    2018    3416   75587 
    876     357    5579    8019       0    5010    2257     578      88       0    1158    7634       0       0    9506       0      41    3273    2020     190       5       0       0       0       0       0   31392       0       0       0       0       0       0     320 
  52790     564   41534   42419    4953   30599  117356   15994   18057       0   49261   17432       0       0    8431   25275    3043    5514   28035   14931      14    7679     499   54333       0       0   11619       0       0       0       0    2968       0   96719 
    116       0   28055    6386       0   10558     228       0   14755       0      98   10288    9506    8431       0       0       0    5617   10031       0       0       0     128       0       0       0   21865       0       0       0       0       0       0   12582 
    766  106578   44994  111649       0   40527   21842     326   74463       0    8385   11942       0   25275       0       0       0       0   12436       0     814       0       0     857      81    4249    8300       0       0       0       0       0       0  183763 
    264       0   64766   31455       0   43107    2671       0   27171       0     226    4836      41    3043       0       0       0       0     243       0       0       0       0       0       0      66    1583       0       0       0       0       0       0   33868 
      0       0   83099   74082       0   90085      55       0   59727       0    1737   11748    3273    5514    5617       0       0       0    3256   24609       0       0       0       0       0       0   30947       0       0       0       0       0       0   84095 
  31950       0  202117   89262    1648  245697    1297    7330  142920     485    1027    4163    2020   28035   10031   12436     243    3256       0    3450     203   38340       0       0       0   61793   19310       0       0       0     609       0     448  278163 
    199       0   75050   68113       0   32779       0     335   33370       0    9822   38700     190   14931       0       0       0   24609    3450       0       0       0       0       0      51       0    7513       0       0       0       0       0     225  157485 
      0       0    3670    1430       0    1833    2110       0    7042       0     660    1403       5      14       0     814       0       0     203       0       0       0       0      41       0       0    5865       0       0       0       0       0       0     278 
    114    4534   21638   33847       0   26858   19474      70   47779       0     770   10942       0    7679       0       0       0       0   38340       0       0       0       0       0       0       0   12734       0       0       0       0       0       0   45586 
      0       0     161     345       0       0       0       0       0       0       0       0       0     499     128       0       0       0       0       0       0       0       0       0       0       0     619       0       0       0       0       0       0     202 
      0       0       8       0       0       0    2311       0       0       0     667       0       0   54333       0     857       0       0       0       0      41       0       0       0       0       0     429       0       0       0       0       0       0   60154 
   5227       0    1537       0       0     304       0       0     364       0       0       0       0       0       0      81       0       0       0      51       0       0       0       0       0       0      82       0       0       0       0       0       0    1187 
    814     237    3975    1394       0       0    5024   16286     183       0     774       1       0       0       0    4249      66       0   61793       0       0       0       0       0       0       0      77       0       0       0       0       0       0   74513 
 193721   58454  129886   94914   55925   88203   67840   67566   85400   58917   71129   38111   31392   11619   21865    8300    1583   30947   19310    7513    5865   12734     619     429      82      77       0       0       0       0       0       0       0     728 
      0       0       0     725       0       0       0       0       0       0       0       0       0       0       0       0       0       0       0       0       0       0       0       0       0       0       0       0       0       0       0       0       0   78203 
      0       0       0       0       0       0       0       0   14535       0       0       0       0       0       0       0       0       0       0       0       0       0       0       0       0       0       0       0       0       0       0       0       0   19249 
      0    5850       0       0       0       0     906       0       0       0     516       0       0       0       0       0       0       0       0       0       0       0       0       0       0       0       0       0       0       0       0       0       0    7340 
      0       0       0       0       0       0       0     442       0       0   10270       0       0       0       0       0       0       0     609       0       0       0       0       0       0       0       0       0       0       0       0       0       0    6235 
      0       0       0       0       0       0       0       0     861       0       0    2018       0    2968       0       0       0       0       0       0       0       0       0       0       0       0       0       0       0       0       0       0       0   10631 
   9638       0       0       0       0       0       0     359    3226       0       0    3416       0       0       0       0       0       0     448     225       0       0       0       0       0       0       0       0       0       0       0       0       0   17360 
  46354   27758  573758  363964   59210  633370  269873  233704  423000     344  185146   75587     320   96719   12582  183763   33868   84095  278163  157485     278   45586     202   60154    1187   74513     728   78203   19249    7340    6235   10631   17360       0 

