n = 41
      0  271447 8004604 5704677    1552 5636853 7214870       0 6442829   27051 4674122 3077648   22948 3166267     101  390491       0       0  654049     160       0      94       0       0  169785     189  164254  501438       0  395271  277302  426049   21775  164143  150683       0       0       0   20391   28725 4705095 
 271447       0  364520 1091119       0 1195725 1030611       0  199710   11930   83422    1222     364   48287       0  179870       0       0 1085368       0       0   24500       0       0       0       0   72960  157369       0       0  174800       0       0       0  283353       0       0       0       0       0  865903 
8004604  364520       0  208739 2535483  664731 7367347 6915642 2738702   39098 16609662 12692210   25741 2894002  963122 3338318 1932480 8274804 3817605 3479461   29078 1432411  906471  178207  755020       0  491012       0  211891       0       0   28857       0       0  729512   95999       0  121912       0       0 14017228 
5704677 1091119  208739       0 1122787  527665 4805683 11540752 4667742  116296 13683034 7965491  110271  884247 1194060 9320428  852593 10963754 2285241 2607897    1381  594753  372516   18248  104308       4  229438 4770990  197639       0       0   50615       0       0       0       0       0   19096       0       0 22571928 
   1552       0 2535483 1122787       0  239700  222196       0 1422224       0   47547  269688       0  404811       0       0       0       0   90827       0       0       0       0       0       0       0   61676       0       0       0   30913  163205       0   23615       0       0       0   19289   37941       0 2799504 
5636853 1195725  664731  527665  239700       0 5812593 11097865 4450524   43320 10148567 7626391    4985 3547041  774849 4192008 1434521 5284134 6348207 3194575    1843  713254  748965  359709  164842       0  963622       0 2456063       0       0  475916       0       0       0  585780   18130   38117       0       0 14824118 
7214870 1030611 7367347 4805683  222196 5812593       0 1506432 5597970    1887 1443416  660214    7243 1230928     235 2094256  245673      57    1275       0   20851  440473       0   22898       0     277   67948       0  790505   28499  202391  308627  598714  137477       0   45672       0       0  128209  116908 3700327 
      0       0 6915642 11540752       0 11097865 1506432       0 5357498       0     850  330663     511 1446873   56629       0       0   74815   95240       0       0      65       0       0       0       2   82568       0       0       0       0   88351   18293   40259       0  746317       0       0       0   18530 15121881 
6442829  199710 2738702 4667742 1422224 4450524 5597970 5357498       0   15412 5640948 4198940     108 1981757  313619 6153124 1987346 2038538 3066346 1080685   20802  716144       0       0  261949     181  902430  136310  450584       0   52411       0  227221       0       0       0       0       0   40326       0 4609081 
  27051   11930   39098  116296       0   43320    1887       0   15412       0   45604     317       0       0       0       0       0       0     464       0       0       0       0       0       0       0   58323       0       0       0       0       0       0       0       0       0       0       0       0       0  245156 
4674122   83422 16609662 13683034   47547 10148567 1443416     850 5640948   45604       0  305825    1166 3436988  188928  658403       0   62716   22250  798137     629     413       0       0       0      47   71223  593232   18130  207921  210742  647518  146010  270664   19320       0       0  153972       0       0 34020233 
3077648    1222 12692210 7965491  269688 7626391  660214  330663 4198940     317  305825       0    7708  881653  857825  560859  403683  511233   19134 4742227  103906  630419       0   28674       0       0   41046  132448  108925  209265 1172138  277318  181757  333352       0       0       0       0   71161   25018 6776884 
  22948     364   25741  110271       0    4985    7243     511     108       0    1166    7708       0       0    4352       0      43    3137    1970     209       2       0       0       0       0       0   36611       0       0       0       0       0       0       0       0       0       0       0       0       0  145171 
3166267   48287 2894002  884247  404811 3547041 1230928 1446873 1981757       0 3436988  881653       0       0  286920 1008657   84039 1652751 1721463 1259655      17  933937  145537 1912906       0       0  162110       0  756024   22898   43627   39490   36671       0       0       0       0   22920       0       0 2717471 
    101       0  963122 1194060       0  774849     235   56629  313619       0  188928  857825    4352  286920       0   45932       0  400606  698571       0       0       0  113641       0       0       0   26740       0       0       0  149505   48684   18302       0       0  329500       0       0       0       0 1051419 
 390491  179870 3338318 9320428       0 4192008 2094256       0 6153124       0  658403  560859       0 1008657   45932       0       0       0  536585       0     823       0       0       0   70673       0   13415       0   18810  169843   18547  266618  236834       0       0       0       0   27968   21976       0 9733759 
      0       0 1932480  852593       0 1434521  245673       0 1987346       0       0  403683      43   84039       0       0       0       0   81045       0       0       0       0       0       0      67    1647       0       0   40880   75618  133903   19802   19222       0   64538       0       0   28331       0 2081031 
      0       0 8274804 10963754       0 5284134      57   74815 2038538       0   62716  511233    3137 1652751  400606       0       0       0  141015 1197684   18186       0       0       0       0       0   36340   69907       0  469338  189557   20543   18293   19222       0       0       0       0  111487   83651 10111368 
 654049 1085368 3817605 2285241   90827 6348207    1275   95240 3066346     464   22250   19134    1970 1721463  698571  536585   81045  141015       0  387456     180  210009       0  290592       0     134   24369       0       0  337039   24528  181069       0   19349       0  201379       0       0       0   20486 4445165 
    160       0 3479461 2607897       0 3194575       0       0 1080685       0  798137 4742227     209 1259655       0       0       0 1197684  387456       0       0       0       0       0  127191       0    7402       0   73203  149640   55427  178530       0  263478   28048  329500       0       0       0   18530 7857442 
      0       0   29078    1381       0    1843   20851       0   20802       0     629  103906       2      17       0     823       0   18186     180       0       0       0       0      44       0       0    5779       0       0       0       0       0       0       0       0       0       0       0       0       0  261369 
     94   24500 1432411  594753       0  713254  440473      65  716144       0     413  630419       0  933937       0       0       0       0  210009       0       0       0       0       0       0       0   12756       0       0   85968   55427   32882   79819       0       0       0       0       0       0       0  792022 
      0       0  906471  372516       0  748965       0       0       0       0       0       0       0  145537  113641       0       0       0       0       0       0       0       0       0       0       0     652       0       0       0  997080       0       0       0       0       0       0       0       0       0 1963138 
      0       0  178207   18248       0  359709   22898       0       0       0       0   28674       0 1912906       0       0       0       0  290592       0      44       0       0       0       0       0     412       0       0       0   29910       0       0       0       0       0       0       0       0       0 1020691 
 169785       0  755020  104308       0  164842       0       0  261949       0       0       0       0       0       0   70673       0       0       0  127191       0       0       0       0       0       0      97       0       0   36883   74110       0       0       0   21887       0       0       0       0       0  117316 
    189       0       0       4       0       0     277       2     181       0      47       0       0       0       0       0      67       0     134       0       0       0       0       0       0       0       0       0       0       0       0       0       0       0       0       0       0       0       0       0       0 
 164254   72960  491012  229438   61676  963622   67948   82568  902430   58323   71223   41046   36611  162110   26740   13415    1647   36340   24369    7402    5779   12756     652     412      97      57       0       0       0       0       0       0       0       0   48006       0       0       0       0       0  386723 
 501438  157369       0 4770990       0       0       0       0  136310       0  593232  132448       0       0       0       0       0   69907       0       0       0       0       0       0       0       0       0       0 3276478       0       0       0       0       0       0       0       0       0       0       0  172104 
      0       0  211891  197639       0 2456063  790505       0  450584       0   18130  108925       0  756024       0   18810       0       0       0   73203       0       0       0       0       0       0       0 3276478       0       0       0       0       0       0  178215       0       0       0       0       0   78413 
 395271       0       0       0       0       0   28499       0       0       0  207921  209265       0   22898       0  169843   40880  469338  337039  149640       0   85968       0       0   36883       0       0       0       0       0       0       0       0       0       0       0       0       0       0       0   23367 
 277302  174800       0       0   30913       0  202391       0   52411       0  210742 1172138       0   43627  149505   18547   75618  189557   24528   55427       0   55427  997080   29910   74110       0       0       0       0       0       0       0       0       0       0       0       0       0       0       0 1829939 
 426049       0   28857   50615  163205  475916  308627   88351       0       0  647518  277318       0   39490   48684  266618  133903   20543  181069  178530       0   32882       0       0       0       0       0       0       0       0       0       0       0       0       0       0       0       0       0       0  212613 
  21775       0       0       0       0       0  598714   18293  227221       0  146010  181757       0   36671   18302  236834   19802   18293       0       0       0   79819       0       0       0       0       0       0       0       0       0       0       0       0       0       0       0       0       0       0  245883 
 164143       0       0       0   23615       0  137477   40259       0       0  270664  333352       0       0       0       0   19222   19222   19349  263478       0       0       0       0       0       0       0       0       0       0       0       0       0       0       0       0       0       0       0       0   73579 
 150683  283353  729512       0       0       0       0       0       0       0   19320       0       0       0       0       0       0       0       0   28048       0       0       0       0   21887       0   48006       0  178215       0       0       0       0       0       0       0       0       0       0       0       0 
      0       0   95999       0       0  585780   45672  746317       0       0       0       0       0       0  329500       0   64538       0  201379  329500       0       0       0       0       0       0       0       0       0       0       0       0       0       0       0       0       0       0       0       0  201379 
      0       0       0       0       0   18130       0       0       0       0       0       0       0       0       0       0       0       0       0       0       0       0       0       0       0       0       0       0       0       0       0       0       0       0       0       0       0       0       0       0   18130 
      0       0  121912   19096   19289   38117       0       0       0       0  153972       0       0   22920       0   27968       0       0       0       0       0       0       0       0       0       0       0       0       0       0       0       0       0       0       0       0       0       0       0       0   19096 
  20391       0       0       0   37941       0  128209       0   40326       0       0   71161       0       0       0   21976   28331  111487       0       0       0       0       0       0       0       0       0       0       0       0       0       0       0       0       0       0       0       0       0       0   19570 
  28725       0       0       0       0       0  116908   18530       0       0       0   25018       0       0       0       0       0   83651   20486   18530       0       0       0       0       0       0       0       0       0       0       0       0       0       0       0       0       0       0       0       0       0 
4705095  865903 14017228 22571928 2799504 14824118 3700327 15121881 4609081  245156 34020233 6776884  145171 2717471 1051419 9733759 2081031 10111368 4445165 7857442  261369  792022 1963138 1020691  117316       0  386723  172104   78413   23367 1829939  212613  245883   73579       0  201379   18130   19096   19570       0       0 

