n = 41
      0 2036780 6813089 4171308    1549 5079050 5660487   21561 5361922   19562 4571740 4872273   23062 2674614   72251  453911       0       0  803158   23826       0      92       0       0  106633     203  174321  413932       0  255360   93093  613998  149781  375394       0   21511       0       0   68699       0 5503786 
2036780       0 2465784 1870165       0  712708  612902       0  487980   12155   43463   22291     321   28487       0  342390       0       0 1657265   57756       0   27036       0       0       0       0   67885       0       0       0  571495       0       0       0  119836       0       0       0       0       0 2052086 
6813089 2465784       0  431536 1231102  558905 6818233 6152302 1850357  179121 14591449 11402992   34731 2547600  556701 3347834 2629490 6329935 2822701 3254680    8642 1461272 1465376  426448  286735       0  821136   99591  206101       0       0   48403       0       0  805244   43953       0  218910       0       0 12936480 
4171308 1870165  431536       0 2211806   64143 8341776 5667597 1857676   48666 9250658 7215386    7754  946488 1057735 6146100 1685328 2599914 3174445 3910716    1375 1194572  638704       0   19887       3   96399 5404226  114782       0       0  401390       0       0       0       0       0  113875       0       0 20914368 
   1549       0 1231102 2211806       0  717279  216811       0 1987190       0   64836  143971       0  387006       0       0       0       0  157091       0       0       0       0       0   19887       0   66626       0       0       0  161547  162191       0       0       0       0       0   44064       0       0 3733130 
5079050  712708  558905   64143  717279       0 12826669 8517132 7429133   12914 6930824 12566479    5025 3174175 2822365 6476130 1407950 14766902 7035631 2639207    1836 1257012  793963       0  198556       0  919237       0 3436338   19094       0  122185       0       0       0  358285       0  135020       0       0 29204753 
5660487  612902 6818233 8341776  216811 12826669       0 2535589 4890394    1824 1320011  329016    2220 1844714     238 1278444  156983      49   24839       0   20895  207731       0  302901       0     280   63426       0  383295       0   18547  126045  591194  165281       0  172167       0       0  169855  174345 11205701 
  21561       0 6152302 5667597       0 8517132 2535589       0 4256091       0   27973 1149626     577 1299909       0  353622       0   20054  165335   21561       0      73       0       0       0       3   67423   18263       0  258815       0  171640  158432       0       0  467391       0   31439       0       0 5386065 
5361922  487980 1850357 1857676 1987190 7429133 4890394 4256091       0   10460 8175814 4361514      97  815684  471089 6751189 2464496 2270766 2778444 1073597   20779 1517742   18259       0  406780     195  734336  125073  330499       0   24094       0   21275       0       0       0       0       0   28178       0 3989181 
  19562   12155  179121   48666       0   12914    1824       0   10460       0     404     333       0       0       0       0       0       0     457       0       0       0       0       0       0       0   53442       0       0       0       0       0       0       0       0       0       0       0       0       0  511253 
4571740   43463 14591449 9250658   64836 6930824 1320011   27973 8175814     404       0  911873    1151 2594133  106220  430901       0  227428   82328 1387335   26679     477       0   44180       0      34   70742 1973236       0  209571  319464  560842       0  676621  100412   31745   26543  200485       0       0 27478556 
4872273   22291 11402992 7215386  143971 12566479  329016 1149626 4361514     333  911873       0    2649 2322693  512041 1075997  289758  952787   39902 2147187    1236 1253823       0  445882       0       1   40960  307107  288946  545492  745238  794647  129977  465069       0   36522       0       0   77658   28247 6157621 
  23062     321   34731    7754       0    5025    2220     577      97       0    1151    2649       0       0  186661       0      35    3098   25566     203       6       0       0       0       0       0   36644       0       0       0       0       0       0       0       0       0       0       0       0       0  356537 
2674614   28487 2547600  946488  387006 3174175 1844714 1299909  815684       0 2594133 2322693       0       0  217627 1502478   38424 6603908 2145017  837011      19 1297243  108976 2822542   21394       0  177629       0   18124   22898       0   77619  160536       0       0       0       0       0       0       0 8049324 
  72251       0  556701 1057735       0 2822365     238       0  471089       0  106220  512041  186661  217627       0       0       0  507453  201938       0       0       0  238709       0       0       0   21628       0       0       0  160500       0       0       0       0   69644       0       0       0       0 1203128 
 453911  342390 3347834 6146100       0 6476130 1278444  353622 6751189       0  430901 1075997       0 1502478       0       0       0       0  244372       0     793       0       0       0      99       0    8322       0       0  393596   66133  488834   18213       0       0       0       0       0   30775       0 7349893 
      0       0 2629490 1685328       0 1407950  156983       0 2464496       0       0  289758      35   38424       0       0       0       0  145119       0       0       0       0       0       0      60    1623       0       0       0  167363  408684       0       0       0   33408       0       0       0       0 2272025 
      0       0 6329935 2599914       0 14766902      49   20054 2270766       0  227428  952787    3098 6603908  507453       0       0       0  445317  522288       0       0       0       0       0       0   31158  131030       0  379092  111943   54389   18293       0       0   41573       0   48353   55025  192991 9941845 
 803158 1657265 2822701 3174445  157091 7035631   24839  165335 2778444     457   82328   39902   25566 2145017  201938  244372  145119  445317       0  331593     157  477020       0       0       0     125   19223       0       0   93436   65727  557732       0   52622       0   43089       0       0       0   46893 5411548 
  23826   57756 3254680 3910716       0 2639207       0   21561 1073597       0 1387335 2147187     203  837011       0       0       0  522288  331593       0       0       0       0       0  101859       0    7492       0       0  129378  120519  118993       0   49964   28048   69644       0       0       0       0 7237786 
      0       0    8642    1375       0    1836   20895       0   20779       0   26679    1236       6      19       0     793       0       0     157       0       0       0       0      37       0       0    5785       0       0       0       0       0       0       0       0       0       0       0       0       0   25989 
     92   27036 1461272 1194572       0 1257012  207731      73 1517742       0     477 1253823       0 1297243       0       0       0       0  477020       0       0       0       0       0       0       0   17767       0       0   85968  124873   91926   33715   52622       0       0       0   24902       0       0  890602 
      0       0 1465376  638704       0  793963       0       0   18259       0       0       0       0  108976  238709       0       0       0       0       0       0       0       0       0       0       0     645   18259       0       0       0       0       0       0       0       0       0       0       0       0  335292 
      0       0  426448       0       0       0  302901       0       0       0   44180  445882       0 2822542       0       0       0       0       0       0      37       0       0       0       0       0     421       0       0       0       0       0       0       0       0       0       0       0       0       0 1602671 
 106633       0  286735   19887   19887  198556       0       0  406780       0       0       0       0   21394       0      99       0       0       0  101859       0       0       0       0       0       0      73   56695       0   48474   44946       0       0  114737       0       0       0       0       0       0  530664 
    203       0       0       3       0       0     280       3     195       0      34       1       0       0       0       0      60       0     125       0       0       0       0       0       0       0       0       0       0       0       0       0       0       0       0       0       0       0       0       0       0 
 174321   67885  821136   96399   66626  919237   63426   67423  734336   53442   70742   40960   36644  177629   21628    8322    1623   31158   19223    7492    5785   17767     645     421      73      60       0       0       0       0       0   55416       0       0       0       0       0       0       0       0  451138 
 413932       0   99591 5404226       0       0       0   18263  125073       0 1973236  307107       0       0       0       0       0  131030       0       0       0       0   18259       0   56695       0       0       0 2460222       0       0       0       0       0       0       0       0       0       0       0   59258 
      0       0  206101  114782       0 3436338  383295       0  330499       0       0  288946       0   18124       0       0       0       0       0       0       0       0       0       0       0       0       0 2460222       0       0       0       0       0       0  538685       0       0       0       0       0   18124 
 255360       0       0       0       0   19094       0  258815       0       0  209571  545492       0   22898       0  393596       0  379092   93436  129378       0   85968       0       0   48474       0       0       0       0       0       0       0       0       0       0       0       0       0       0       0       0 
  93093  571495       0       0  161547       0   18547       0   24094       0  319464  745238       0       0  160500   66133  167363  111943   65727  120519       0  124873       0       0   44946       0       0       0       0       0       0       0       0       0       0       0       0       0       0       0  804584 
 613998       0   48403  401390  162191  122185  126045  171640       0       0  560842  794647       0   77619       0  488834  408684   54389  557732  118993       0   91926       0       0       0       0   55416       0       0       0       0       0       0       0       0       0       0       0       0       0   85652 
 149781       0       0       0       0       0  591194  158432   21275       0       0  129977       0  160536       0   18213       0   18293       0       0       0   33715       0       0       0       0       0       0       0       0       0       0       0       0       0       0       0       0       0       0   62442 
 375394       0       0       0       0       0  165281       0       0       0  676621  465069       0       0       0       0       0       0   52622   49964       0   52622       0       0  114737       0       0       0       0       0       0       0       0       0       0       0       0       0       0       0  486438 
      0  119836  805244       0       0       0       0       0       0       0  100412       0       0       0       0       0       0       0       0   28048       0       0       0       0       0       0       0       0  538685       0       0       0       0       0       0       0       0       0       0       0   18263 
  21511       0   43953       0       0  358285  172167  467391       0       0   31745   36522       0       0   69644       0   33408   41573   43089   69644       0       0       0       0       0       0       0       0       0       0       0       0       0       0       0       0       0       0       0       0  115438 
      0       0       0       0       0       0       0       0       0       0   26543       0       0       0       0       0       0       0       0       0       0       0       0       0       0       0       0       0       0       0       0       0       0       0       0       0       0       0       0       0   26543 
      0       0  218910  113875   44064  135020       0   31439       0       0  200485       0       0       0       0       0       0   48353       0       0       0   24902       0       0       0       0       0       0       0       0       0       0       0       0       0       0       0       0       0       0   19096 
  68699       0       0       0       0       0  169855       0   28178       0       0   77658       0       0       0   30775       0   55025       0       0       0       0       0       0       0       0       0       0       0       0       0       0       0       0       0       0       0       0       0       0   19570 
      0       0       0       0       0       0  174345       0       0       0       0   28247       0       0       0       0       0  192991   46893       0       0       0       0       0       0       0       0       0       0       0       0       0       0       0       0       0       0       0       0       0       0 
5503786 2052086 12936480 20914368 3733130 29204753 11205701 5386065 3989181  511253 27478556 6157621  356537 8049324 1203128 7349893 2272025 9941845 5411548 7237786   25989  890602  335292 1602671  530664       0  451138   59258   18124       0  804584   85652   62442  486438   18263  115438   26543   19096   19570       0       0 

