n = 41
      0 2242107 7024986 5528559    1503 6263102 6903899   21561 4321817   87244 3431185 4684065   56146 3312743   72268  203301       0       0  652595   23828       0     114   18208       0  105069     197  193721   20022       0  201958  274129  170645  106183  211861       0       0       0       0   68699   28725 7448467 
2242107       0 2076141 1998504       0 1065054  739764       0  281585   11813   24666    1228     357  135259       0  299132       0       0 1656405       0       0    4534       0       0       0       0   58454  144891       0       0       0       0       0       0       0       0       0       0       0       0 2080036 
7024986 2076141       0  417547 1171225  518901 7843136 8888033 3195559  123423 15288987 13978032   82399 2207629  811017 3498545 3832264 7297562 4669930 2613527    3670 1174580  556709  329758  528704       0  242485   41625  259331       0       0       0       0   25531  520664       0       0   84556       0       0 61877759 
5528559 1998504  417547       0 1038280  238431 4405437 6891368 2522105   56183 15997471 8152756    7721 1641692 2617504 5005639 1827298 2699286 3667095 2708247    1430 1184262 1119618   41015  126745       5  109093 4476800  271172       0       0       0       0       0       0       0       0   62878       0       0 28294152 
   1503       0 1171225 1038280       0  479289  327328       0 1880141       0  112200  209291       0  568651       0       0       0       0   24595   18926       0       0       0       0       0       0   55925       0       0   19582   18141   87508       0       0       0       0       0   19289       0       0 1972813 
6263102 1065054  518901  238431  479289       0 11739205 13297816 4248090   12847 10611049 10392365    5010 2742439 3087856 3739404 2509271 5392221 7364740 4958684    1833 1326689  562332  282281  148233       0 1202114       0 2761643       0       0  709431       0       0       0  358285       0   61497       0       0 71577128 
6903899  739764 7843136 4405437  327328 11739205       0 2031313 4391929    1905  964119  746330    2257 2056791     228 1492132  609447      55    1297       0   20851  511704       0       0       0     267   53470  573695  913088       0   22520  174667  806177  262938       0  494544       0       0  124402  137006 10331191 
  21561       0 8888033 6891368       0 13297816 2031313       0 4896997       0  295278  379068     578 1420590       0       0   19459   82910   35482   46591       0      70       0       0       0       4   67566   35178       0  283949   18336  244591   99090       0       0  394701       0   31439       0       0 9229594 
4321817  281585 3195559 2522105 1880141 4248090 4391929 4896997       0   10467 5666743 6394909      88 1322655  867539 5368416 2601268 2682520 4025541  707819   25783  899737   18259   33371  376783     183  792615   75506  461623   18326  138539       0   69963       0   44673       0       0       0   28178       0 2139531 
  87244   11813  123423   56183       0   12847    1905       0   10467       0     431     315       0       0       0       0       0       0     485       0       0       0       0       0       0       0   58917       0       0       0       0       0       0       0       0       0       0       0       0       0  185411 
3431185   24666 15288987 15997471  112200 10611049  964119  295278 5666743     431       0  643121    1158 2053442  252317  406704       0  115442   54061  613652     660   19632       0       0       0      23   71129  808068       0  628910  287359  982139  685245  721406       0   94040   26543  136778       0       0 34558602 
4684065    1228 13978032 8152756  209291 10392365  746330  379068 6394909     315  643121       0    7634 1425739 2534233 1027527  299162 1315918  266955 4342783    1099 1095234   19313       0       0       1   36307       0  201389  180159 1204898  104430  687975  553498       0       0       0       0       0       0 7017743 
  56146     357   82399    7721       0    5010    2257     578      88       0    1158    7634       0       0    9506       0      41    3273    2020     190       5       0       0       0       0       0   31392       0       0       0       0       0       0       0       0       0       0       0       0       0  132090 
3312743  135259 2207629 1641692  568651 2742439 2056791 1420590 1322655       0 2053442 1425739       0       0  340754 1203131   77634 1983497 2292586  981338      14  884713  325439 1379849   65433       0  125702       0  128442   55883       0   18947   57549       0       0       0       0   22920       0       0 2711639 
  72268       0  811017 2617504       0 3087856     228       0  867539       0  252317 2534233    9506  340754       0       0       0  563040  461468       0       0       0   21653       0       0       0   21865       0       0       0   52132       0   18302       0       0  120708       0       0       0       0 1510756 
 203301  299132 3498545 5005639       0 3739404 1492132       0 5368416       0  406704 1027527       0 1203131       0       0       0       0  325838   52119     814       0       0       0      81       0    8300       0       0  350512       0  173924       0       0       0   33794       0   27968   30775       0 5136379 
      0       0 3832264 1827298       0 2509271  609447   19459 2601268       0       0  299162      41   77634       0       0       0       0  764221       0       0       0       0       0       0      66    1583       0       0   22665  108345  196375  106605       0       0       0       0       0       0       0 1508663 
      0       0 7297562 2699286       0 5392221      55   82910 2682520       0  115442 1315918    3273 1983497  563040       0       0       0  251098 1201505  432651   57979       0       0       0       0   30947   31439       0  381700   88351       0  235570   18141       0  513576       0       0   95166  108281 8353892 
 652595 1656405 4669930 3667095   24595 7364740    1297   35482 4025541     485   54061  266955    2020 2292586  461468  325838  764221  251098       0  583823     203  557492       0       0       0     141   19310       0       0   43339   24528  376259  148502   34662       0  126203       0   22901       0       0 3738197 
  23828       0 2613527 2708247   18926 4958684       0   46591  707819       0  613652 4342783     190  981338       0   52119       0 1201505  583823       0       0   18141       0       0  212390       0    7513   45077   58835  161584   91240   76278   18375  677479   58141  120708       0       0       0       0 11208317 
      0       0    3670    1430       0    1833   20851       0   25783       0     660    1099       5      14       0     814       0  432651     203       0       0       0       0      41       0       0    5865       0       0       0       0       0       0       0       0       0       0       0       0       0  432651 
    114    4534 1174580 1184262       0 1326689  511704      70  899737       0   19632 1095234       0  884713       0       0       0   57979  557492   18141       0       0       0       0       0       0   12734   76149       0   25013   88059       0  111515       0       0       0       0   28221   27525       0 1376958 
  18208       0  556709 1119618       0  562332       0       0   18259       0       0   19313       0  325439   21653       0       0       0       0       0       0       0       0       0       0       0     619   18259       0       0       0       0       0       0       0   41214       0       0       0       0 1888563 
      0       0  329758   41015       0  282281       0       0   33371       0       0       0       0 1379849       0       0       0       0       0       0      41       0       0       0       0       0     429       0       0       0       0       0       0       0       0       0       0       0       0       0  792955 
 105069       0  528704  126745       0  148233       0       0  376783       0       0       0       0   65433       0      81       0       0       0  212390       0       0       0       0       0       0      82       0       0       0   44946   34825   19115   54961       0       0       0       0       0       0   75358 
    197       0       0       5       0       0     267       4     183       0      23       1       0       0       0       0      66       0     141       0       0       0       0       0       0       0       0       0       0       0       0       0       0       0       0       0       0       0       0       0       0 
 193721   58454  242485  109093   55925 1202114   53470   67566  792615   58917   71129   36307   31392  125702   21865    8300    1583   30947   19310    7513    5865   12734     619     429      82      77       0  131752       0       0       0       0       0       0       0       0       0       0       0       0  225298 
  20022  144891   41625 4476800       0       0  573695   35178   75506       0  808068       0       0       0       0       0       0   31439       0   45077       0   76149   18259       0       0       0  131752       0 2639966       0       0       0       0       0       0       0       0       0       0       0   81577 
      0       0  259331  271172       0 2761643  913088       0  461623       0       0  201389       0  128442       0       0       0       0       0   58835       0       0       0       0       0       0       0 2639966       0       0       0       0       0       0  417850       0       0       0       0       0   36477 
 201958       0       0       0   19582       0       0  283949   18326       0  628910  180159       0   55883       0  350512   22665  381700   43339  161584       0   25013       0       0       0       0       0       0       0       0       0       0       0       0       0       0       0       0       0       0  512332 
 274129       0       0       0   18141       0   22520   18336  138539       0  287359 1204898       0       0   52132       0  108345   88351   24528   91240       0   88059       0       0   44946       0       0       0       0       0       0       0       0       0       0       0       0       0       0       0  636445 
 170645       0       0       0   87508  709431  174667  244591       0       0  982139  104430       0   18947       0  173924  196375       0  376259   76278       0       0       0       0   34825       0       0       0       0       0       0       0       0       0       0       0       0       0       0       0   59499 
 106183       0       0       0       0       0  806177   99090   69963       0  685245  687975       0   57549   18302       0  106605  235570  148502   18375       0  111515       0       0   19115       0       0       0       0       0       0       0       0       0       0       0       0       0       0       0   76060 
 211861       0   25531       0       0       0  262938       0       0       0  721406  553498       0       0       0       0       0   18141   34662  677479       0       0       0       0   54961       0       0       0       0       0       0       0       0       0       0       0       0       0       0       0   96481 
      0       0  520664       0       0       0       0       0   44673       0       0       0       0       0       0       0       0       0       0   58141       0       0       0       0       0       0       0       0  417850       0       0       0       0       0       0       0       0       0       0       0       0 
      0       0       0       0       0  358285  494544  394701       0       0   94040       0       0       0  120708   33794       0  513576  126203  120708       0       0   41214       0       0       0       0       0       0       0       0       0       0       0       0       0       0       0       0       0  126203 
      0       0       0       0       0       0       0       0       0       0   26543       0       0       0       0       0       0       0       0       0       0       0       0       0       0       0       0       0       0       0       0       0       0       0       0       0       0       0       0       0   26543 
      0       0   84556   62878   19289   61497       0   31439       0       0  136778       0       0   22920       0   27968       0       0   22901       0       0   28221       0       0       0       0       0       0       0       0       0       0       0       0       0       0       0       0       0       0   22901 
  68699       0       0       0       0       0  124402       0   28178       0       0       0       0       0       0   30775       0   95166       0       0       0   27525       0       0       0       0       0       0       0       0       0       0       0       0       0       0       0       0       0       0   64391 
  28725       0       0       0       0       0  137006       0       0       0       0       0       0       0       0       0       0  108281       0       0       0       0       0       0       0       0       0       0       0       0       0       0       0       0       0       0       0       0       0       0       0 
7448467 2080036 61877759 28294152 1972813 71577128 10331191 9229594 2139531  185411 34558602 7017743  132090 2711639 1510756 5136379 1508663 8353892 3738197 11208317  432651 1376958 1888563  792955   75358       0  225298   81577   36477  512332  636445   59499   76060   96481       0  126203   26543   22901   64391       0       0 

