n = 41
      0  187428 7130406 4407379   47567 7710925 5730671       0 4148636    1305 3313137 4087652     908 3077704   72253  246857       0       0  540224     195   18124      95       0       0  247539     206  194701       0       0 1013703  191866  187663  413883   53508  150683   33063       0       0   25317       0 5174274 
 187428       0 1036229  629889  109640 1031591 1116051       0  162116   38982   25247    1274     350  184477       0  574846       0       0  702215       0       0   23474       0       0       0       0   78336  115335       0       0       0       0       0       0  119836       0       0       0       0       0  809354 
7130406 1036229       0  312302 1406803  945730 7849083 7101065 2162858  145132 11338931 11812344    5618 2361976  432772 3525669 4773219 5508837 5123243 2235493    3776 1246223  200715  291976  594919       0  761833   25490  129180       0       0   29042       0       0  937039       0       0  103921       0       0 12532871 
4407379  629889  312302       0 1653924   86528 5145077 5483113 1827845   64785 6690606 11324062    7679 1306670  471632 15002581  875032 17393265 1878019 7757410    1386  901173  439966   43526  157000      12  155106 4599674  461424       0       0  433767       0       0       0       0       0   62878       0       0 19367550 
  47567  109640 1406803 1653924       0  621259  634828       0 1484380       0   38464  544654       0  120033       0   27270       0   25328  211247       0       0       0       0       0       0       0   51740       0       0   19582  161214  103498       0       0       0       0       0       0       0       0 3298786 
7710925 1031591  945730   86528  621259       0 7339174 7665224 5045843   53707 6836847 9843011    5019 1249406  935567 4227030 1691449 6230167 7681720 3535420    1822 1313512  271747  226610  148083       0  835745       0 2625819       0       0   36533       0       0       0  385706       0   77644       0       0 28521038 
5730671 1116051 7849083 5145077  634828 7339174       0 2564245 5699547    1890 1805868  916607    2241 1437609     255 1398519   86155      64    1257       0    2108  107981       0   22898       0     279   58452   23601  699814   28499   66471  457050  613748  165281       0  149420       0       0   98646  247075 3279021 
      0       0 7101065 5483113       0 7665224 2564245       0 5030223       0   60722  361999     573 1262248   59897       0       0       0   98491       0       0   20541       0       0       0       1   72376   35178       0   86162  144033  388061  159151   37730       0  358285       0   31439       0   18157 5524177 
4148636  162116 2162858 1827845 1484380 5045843 5699547 5030223       0   34445 3773037 4604395      85  667319  430886 5501664 2168517 2379974 2693720  604754    2006 1004504       0  115136  369074     219  514272  208565  396085   56164  114306       0  189810       0   44673       0       0       0   40326       0 4366078 
   1305   38982  145132   64785       0   53707    1890       0   34445       0   20198     326       0       0       0       0       0       0     451       0       0       0       0       0       0       0   48302       0       0       0       0       0       0       0       0       0       0       0       0       0  256497 
3313137   25247 11338931 6690606   38464 6836847 1805868   60722 3773037   20198       0  417768   55547 1875568   81090  323645       0  114611   61010  929071     664     424       0   31032       0      50   70892 1728231       0  225020  129240  573583  145529  321792   89522       0   26543   99170       0       0 19737681 
4087652    1274 11812344 11324062  544654 9843011  916607  361999 4604395     326  417768       0    2708 2447460  969324 1222247  291924  853498   93202 2826038    1148 1241002   77654   71940       0       1   36202   48508   88768  466207  748011  687254   58678  176497       0       0       0       0   71161   28247 11612341 
    908     350    5618    7679       0    5019    2241     573      85       0   55547    2708       0       0  186653       0      34    8186    1957     220       3       0       0       0       0       0   36613       0       0       0       0       0       0       0       0       0       0       0       0       0  593950 
3077704  184477 2361976 1306670  120033 1249406 1437609 1262248  667319       0 1875568 2447460       0       0  191447  923989   63994 1482670 1518543  686209      23 1023606  220588 1846778       0       0  167484       0  206942   22898   18218   20156  219297       0       0       0       0   22920       0       0 1137083 
  72253       0  432772  471632       0  935567     255   59897  430886       0   81090  969324  186653  191447       0   18130       0 1873032  133028       0       0       0     159       0       0       0   21563       0       0 1385751       0       0       0       0       0  102584       0       0       0       0 1196980 
 246857  574846 3525669 15002581   27270 4227030 1398519       0 5501664       0  323645 1222247       0  923989   18130       0       0       0  260754       0   18901       0       0       0   22994       0   13206       0   50657   18186   61836  228251   93470       0       0   33794       0   27968  200601       0 17503139 
      0       0 4773219  875032       0 1691449   86155       0 2168517       0       0  291924      34   63994       0       0       0       0  468738       0       0       0       0       0       0      77    1672       0       0       0   90692  929916   48160       0       0       0       0       0       0       0 2356308 
      0       0 5508837 17393265   25328 6230167      64       0 2379974       0  114611  853498    8186 1482670 1873032       0       0       0  330617  757325  299114  131505       0       0       0       0   30920   64171       0 1938742       0   89020  435521       0       0   61050       0   18218  338025  200671 14396896 
 540224  702215 5123243 1878019  211247 7681720    1257   98491 2693720     451   61010   93202    1957 1518543  133028  260754  468738  330617       0  487575     173  440159       0  290592       0     128   19305   19044       0  316660  106489   95766   59294   72392       0       0       0   22901       0       0 6226070 
    195       0 2235493 7757410       0 3535420       0       0  604754       0  929071 2826038     220  686209       0       0       0  757325  487575       0       0       0       0       0  144623       0    7518       0       0   34823   71773   55620       0  203470   58141  102584       0       0       0       0 11463218 
  18124       0    3776    1386       0    1822    2108       0    2006       0     664    1148       3      23       0   18901       0  299114     173       0       0       0       0      30       0       0    5598       0       0       0       0       0       0       0       0       0       0       0       0       0  299114 
     95   23474 1246223  901173       0 1313512  107981   20541 1004504       0     424 1241002       0 1023606       0       0       0  131505  440159       0       0       0       0       0       0       0   12726   62112       0   20156  111966   91926   33715       0       0       0       0   24902       0       0 1889243 
      0       0  200715  439966       0  271747       0       0       0       0       0   77654       0  220588     159       0       0       0       0       0       0       0       0       0       0       0     646       0       0       0       0       0       0       0       0   27421       0       0       0       0  602364 
      0       0  291976   43526       0  226610   22898       0  115136       0   31032   71940       0 1846778       0       0       0       0  290592       0      30       0       0       0       0       0     393       0       0       0       0   31825       0       0       0       0       0       0       0       0  820737 
 247539       0  594919  157000       0  148083       0       0  369074       0       0       0       0       0       0   22994       0       0       0  144623       0       0       0       0       0       0      75       0       0       0       0       0       0       0       0       0       0       0       0       0  530664 
    206       0       0      12       0       0     279       1     219       0      50       1       0       0       0       0      77       0     128       0       0       0       0       0       0       0       0       0       0       0       0       0       0       0       0       0       0       0       0       0       0 
 194701   78336  761833  155106   51740  835745   58452   72376  514272   48302   70892   36202   36613  167484   21563   13206    1672   30920   19305    7518    5598   12726     646     393      75      50       0       0       0       0       0   36533       0       0       0       0       0       0       0       0  975681 
      0  115335   25490 4599674       0       0   23601   35178  208565       0 1728231   48508       0       0       0       0       0   64171   19044       0       0   62112       0       0       0       0       0       0 1960507       0       0       0       0       0       0       0       0       0       0       0  108802 
      0       0  129180  461424       0 2625819  699814       0  396085       0       0   88768       0  206942       0   50657       0       0       0       0       0       0       0       0       0       0       0 1960507       0       0       0       0       0       0  474184       0       0       0       0       0       0 
1013703       0       0       0   19582       0   28499   86162   56164       0  225020  466207       0   22898 1385751   18186       0 1938742  316660   34823       0   20156       0       0       0       0       0       0       0       0       0       0       0       0       0       0       0       0       0       0  900753 
 191866       0       0       0  161214       0   66471  144033  114306       0  129240  748011       0   18218       0   61836   90692       0  106489   71773       0  111966       0       0       0       0       0       0       0       0       0       0       0       0       0       0       0       0       0       0  685713 
 187663       0   29042  433767  103498   36533  457050  388061       0       0  573583  687254       0   20156       0  228251  929916   89020   95766   55620       0   91926       0   31825       0       0   36533       0       0       0       0       0       0       0       0       0       0       0       0       0   20156 
 413883       0       0       0       0       0  613748  159151  189810       0  145529   58678       0  219297       0   93470   48160  435521   59294       0       0   33715       0       0       0       0       0       0       0       0       0       0       0       0       0       0       0       0       0       0   80660 
  53508       0       0       0       0       0  165281   37730       0       0  321792  176497       0       0       0       0       0       0   72392  203470       0       0       0       0       0       0       0       0       0       0       0       0       0       0       0       0       0       0       0       0   62112 
 150683  119836  937039       0       0       0       0       0   44673       0   89522       0       0       0       0       0       0       0       0   58141       0       0       0       0       0       0       0       0  474184       0       0       0       0       0       0       0       0       0       0       0       0 
  33063       0       0       0       0  385706  149420  358285       0       0       0       0       0       0  102584   33794       0   61050       0  102584       0       0   27421       0       0       0       0       0       0       0       0       0       0       0       0       0       0       0       0       0   33063 
      0       0       0       0       0       0       0       0       0       0   26543       0       0       0       0       0       0       0       0       0       0       0       0       0       0       0       0       0       0       0       0       0       0       0       0       0       0       0       0       0 5731455 
      0       0  103921   62878       0   77644       0   31439       0       0   99170       0       0   22920       0   27968       0   18218   22901       0       0   24902       0       0       0       0       0       0       0       0       0       0       0       0       0       0       0       0       0       0   22901 
  25317       0       0       0       0       0   98646       0   40326       0       0   71161       0       0       0  200601       0  338025       0       0       0       0       0       0       0       0       0       0       0       0       0       0       0       0       0       0       0       0       0       0       0 
      0       0       0       0       0       0  247075   18157       0       0       0   28247       0       0       0       0       0  200671       0       0       0       0       0       0       0       0       0       0       0       0       0       0       0       0       0       0       0       0       0       0       0 
5174274  809354 12532871 19367550 3298786 28521038 3279021 5524177 4366078  256497 19737681 11612341  593950 1137083 1196980 17503139 2356308 14396896 6226070 11463218  299114 1889243  602364  820737  530664       0  975681  108802       0  900753  685713   20156   80660   62112       0   33063 5731455   22901       0       0       0 

