n = 41
      0  658675 7897079 4727181   37716 5324623 5714018   18161 4015382   90815 4517507 4019448   22924 2715246  113120  152137   18157       0  411162   69023       0     103       0       0  219911     195  189247  664635       0  382725  263621  274089  419703  113342       0   21511       0       0   88046       0 4851238 
 658675       0  702693 1308486       0 1024739  527559       0  185805  124491   24635    1199     330   52519       0  394592       0       0  427000       0       0   24576       0       0       0       0   63352   21325       0       0       0       0       0       0   18157       0       0       0       0       0 1403810 
7897079  702693       0  196614 1504875  406644 6201656 5277284 2466244  296067 15739967 10824830   54230 1589578  475671 3035124 2716589 6721253 3623679 3370002   55355 1124647  513305  416328 1785892       0  397015       0  144200       0       0       0       0       0  969998   43953       0  213035       0       0 13203070 
4727181 1308486  196614       0 1325052 4434556 6026717 19302868 1917330   94131 9527570 6738712    7602  577518  938958 5071530 1472077 2055226 2699113 2744891    1413 1470936  913685       0  157316       1  150711 4901225  614732       0       0  383152       0       0       0       0       0   62878       0       0 70384423 
  37716       0 1504875 1325052       0  489069  299407       0 1010198       0   64653  443347       0  150520       0       0       0   25328   71862       0       0       0       0       0   19887       0   61617       0       0       0       0  242878       0   23615       0       0       0   30554       0       0 2576072 
5324623 1024739  406644 4434556  489069       0 4877169 9801792 4997679   74492 7690444 8252124    5007 2360685 1656080 4757011 1230487 5672715 5092163 3356679    1758 1135921  144222  142909  408146       0  702118       0 2993498   18157       0   61272       0       0       0       0       0  143091       0       0 19410860 
5714018  527559 6201656 6026717  299407 4877169       0 1647060 5197540    1850 1163050 1055339    7242 2308612     214 1865538   87681      49    1203       0    2097  411210       0   31210       0     238   58411       0  552301       0   23279  192312  832067  165281       0  602582       0       0  217622  343934 6558045 
  18161       0 5277284 19302868       0 9801792 1647060       0 4388164       0   27934  487387     514 1838791   56629  353622       0  243111   60725       0       0      63       0       0       0       6   67485       0       0  152298       0  264495   48914   67859       0   75698       0   31439       0   18634 19232034 
4015382  185805 2466244 1917330 1010198 4997679 5197540 4388164       0   10418 5620175 3561670      91  855280  752312 5789580 2515960 2052211 2295881  778570    2040 1207849       0   33371  769179     163 1041971  219474  813734       0       0       0   44018       0   44673       0       0       0   40326       0 3133351 
  90815  124491  296067   94131       0   74492    1850       0   10418       0   25809     331       0       0       0       0       0       0     484       0       0       0       0       0       0       0   48431       0       0       0       0       0       0       0       0       0       0       0       0       0  427380 
4517507   24635 15739967 9527570   64653 7690444 1163050   27934 5620175   25809       0  389413   45742 1914548   95017  335412       0  159305   52877  917185   26660     450       0   26719       0      42   76358  991649       0  111056       0  202145  570855  165281   43912   31745  858131  184351       0       0 23594625 
4019448    1199 10824830 6738712  443347 8252124 1055339  487387 3561670     331  389413       0    2760  749878  688782  601621  758151  472118  243137 2869028   32318 1156406   58341   23611       0       0   36012   76115  164054  253047  653260  442403  628934  275844       0       0       0       0   43160       0 4850069 
  22924     330   54230    7602       0    5007    7242     514      91       0   45742    2760       0       0  186719       0      38    3149   46490     184       3       0       0       0       0       0   31694       0       0       0       0       0       0       0       0       0       0       0       0       0  252943 
2715246   52519 1589578  577518  150520 2360685 2308612 1838791  855280       0 1914548  749878       0       0  124412  757175  183503 1814086 1469354  748278      20 1180956  133565 1434817   21394       0  104120       0  150348       0   71509   29445   96375       0       0       0       0   32327       0       0 1203367 
 113120       0  475671  938958       0 1656080     214   56629  752312       0   95017  688782  186719  124412       0       0       0  340875  561013   25249       0   42921     162       0       0       0   26388       0       0       0   18447       0       0       0       0  202674       0       0       0       0 1590095 
 152137  394592 3035124 5071530       0 4757011 1865538  353622 5789580       0  335412  601621       0  757175       0       0       0       0  406799       0     777       0       0       0   38999       0    8301       0       0  107918   78234  355968   62442   49368       0   18622       0       0   62765       0 6486099 
  18157       0 2716589 1472077       0 1230487   87681       0 2515960       0       0  758151      38  183503       0       0       0       0  236558       0       0       0       0       0       0      83    1646  121056       0   54645   49325  183652   38643       0       0       0       0       0   28331       0 1524404 
      0       0 6721253 2055226   25328 5672715      49  243111 2052211       0  159305  472118    3149 1814086  340875       0       0       0  278323 1900684  133537       0       0       0       0       0   31386   31439       0  197698  178097   36832       0   86355       0  438158       0   23973   64576  284684 6057448 
 411162  427000 3623679 2699113   71862 5092163    1203   60725 2295881     484   52877  243137   46490 1469354  561013  406799  236558  278323       0  781219     154  267218       0       0       0     126   19389       0       0       0       0  240264   18327       0       0   39668       0       0       0       0 3785776 
  69023       0 3370002 2744891       0 3356679       0       0  778570       0  917185 2869028     184  748278   25249       0       0 1900684  781219       0       0       0       0       0  230926       0    7435       0   29649  186100   59825  119478       0   71023       0  202674       0       0       0       0 7232540 
      0       0   55355    1413       0    1758    2097       0    2040       0   26660   32318       3      20       0     777       0  133537     154       0       0       0       0      37       0       0    5696       0       0       0       0       0       0       0       0       0       0       0       0       0  299910 
    103   24576 1124647 1470936       0 1135921  411210      63 1207849       0     450 1156406       0 1180956   42921       0       0       0  267218       0       0       0       0       0       0       0   12860       0       0   75444   85415       0       0  101726       0       0       0       0       0       0 1256291 
      0       0  513305  913685       0  144222       0       0       0       0       0   58341       0  133565     162       0       0       0       0       0       0       0       0       0       0       0     658       0       0       0       0       0       0       0       0   18157       0       0       0       0  629230 
      0       0  416328       0       0  142909   31210       0   33371       0   26719   23611       0 1434817       0       0       0       0       0       0      37       0       0       0       0       0     381       0       0       0   29910       0       0       0       0       0       0       0       0       0  730343 
 219911       0 1785892  157316   19887  408146       0       0  769179       0       0       0       0   21394       0   38999       0       0       0  230926       0       0       0       0       0       0      91       0       0       0   44946       0       0       0       0       0       0       0       0       0       0 
    195       0       0       1       0       0     238       6     163       0      42       0       0       0       0       0      83       0     126       0       0       0       0       0       0       0       0       0       0       0       0       0       0       0       0       0       0       0       0       0       0 
 189247   63352  397015  150711   61617  702118   58411   67485 1041971   48431   76358   36012   31694  104120   26388    8301    1646   31386   19389    7435    5696   12860     658     381      91      58       0       0       0       0       0   29445       0       0       0       0       0       0       0       0  645730 
 664635   21325       0 4901225       0       0       0       0  219474       0  991649   76115       0       0       0       0  121056   31439       0       0       0       0       0       0       0       0       0       0 2430484       0       0       0       0       0       0       0       0       0       0       0   95572 
      0       0  144200  614732       0 2993498  552301       0  813734       0       0  164054       0  150348       0       0       0       0       0   29649       0       0       0       0       0       0       0 2430484       0       0       0       0       0       0  881519       0       0       0       0       0   36281 
 382725       0       0       0       0   18157       0  152298       0       0  111056  253047       0       0       0  107918   54645  197698       0  186100       0   75444       0       0       0       0       0       0       0       0       0       0       0       0       0       0       0       0       0       0  161584 
 263621       0       0       0       0       0   23279       0       0       0       0  653260       0   71509   18447   78234   49325  178097       0   59825       0   85415       0   29910   44946       0       0       0       0       0       0       0       0       0       0       0       0       0       0       0  470556 
 274089       0       0  383152  242878   61272  192312  264495       0       0  202145  442403       0   29445       0  355968  183652   36832  240264  119478       0       0       0       0       0       0   29445       0       0       0       0       0       0       0       0       0       0       0       0       0       0 
 419703       0       0       0       0       0  832067   48914   44018       0  570855  628934       0   96375       0   62442   38643       0   18327       0       0       0       0       0       0       0       0       0       0       0       0       0       0       0       0       0       0       0       0       0  122860 
 113342       0       0       0   23615       0  165281   67859       0       0  165281  275844       0       0       0   49368       0   86355       0   71023       0  101726       0       0       0       0       0       0       0       0       0       0       0       0       0       0       0       0       0       0       0 
      0   18157  969998       0       0       0       0       0   44673       0   43912       0       0       0       0       0       0       0       0       0       0       0       0       0       0       0       0       0  881519       0       0       0       0       0       0       0       0       0       0       0   18263 
  21511       0   43953       0       0       0  602582   75698       0       0   31745       0       0       0  202674   18622       0  438158   39668  202674       0       0   18157       0       0       0       0       0       0       0       0       0       0       0       0       0       0       0       0       0  100640 
      0       0       0       0       0       0       0       0       0       0  858131       0       0       0       0       0       0       0       0       0       0       0       0       0       0       0       0       0       0       0       0       0       0       0       0       0       0       0       0       0  858131 
      0       0  213035   62878   30554  143091       0   31439       0       0  184351       0       0   32327       0       0       0   23973       0       0       0       0       0       0       0       0       0       0       0       0       0       0       0       0       0       0       0       0       0       0       0 
  88046       0       0       0       0       0  217622       0   40326       0       0   43160       0       0       0   62765   28331   64576       0       0       0       0       0       0       0       0       0       0       0       0       0       0       0       0       0       0       0       0       0       0   19570 
      0       0       0       0       0       0  343934   18634       0       0       0       0       0       0       0       0       0  284684       0       0       0       0       0       0       0       0       0       0       0       0       0       0       0       0       0       0       0       0       0       0   83296 
4851238 1403810 13203070 70384423 2576072 19410860 6558045 19232034 3133351  427380 23594625 4850069  252943 1203367 1590095 6486099 1524404 6057448 3785776 7232540  299910 1256291  629230  730343       0       0  645730   95572   36281  161584  470556       0  122860       0   18263  100640  858131       0   19570   83296       0 

