n = 33
      0  113367   36594   59756    1552   37117   12942       0   30270   50219   50646   11453     866   15280     101     990       0       0    1970     185       0      94       0       0     228     189  164254     186    9818      99      43    1992       0 
 113367       0   99847   17070       0   49571     129       0   25729   41102    5463    1222     364     781       0   10879       0       0       0       0       0    4433       0       0       0       0   72960       0       0     676       0       0       0 
  36594   99847       0    2750    4989    8487   81643   80570   28564  276033  123361   84914    6142   54955   23430   21413   21722   35024   42990   15505    8788    4448    3141     316     501       0  132660       0       0     106       0       0     875 
  59756   17070    2750       0   40550      97   94363   27484    3100  154443   53199   55293   19334   22339    4407   21025    4825   33471   41568   26742    1555   14166    3408       0      10       4   91920       0       0     350       0       0    1780 
   1552       0    4989   40550       0    3392     125       0   10247    4405       0    4472       0    3423       0       0       0       0    6631       0       0       0       0       0       0       0   61676      31      59      87       0       0       0 
  37117   49571    8487      97    3392       0   69197   26231    6683  177339   60895   49379   12353    4370   12843   31868   16052   20537   56850   12600    1843    4853    2205    2078      49       0   64463       0       0    5318       0     440    1241 
  12942     129   81643   94363     125   69197       0   38992   33767  110410    2046    1005    7243   51547     235    4059      26     165    1275       0    2110   16207       0     202       0     277   67948    1934    1798     626    1856    1463       0 
      0       0   80570   27484       0   26231   38992       0   14302   59629    1538    5706     511    1387       0       0       0       0    7009       0       0      65       0       0       0       2   82568     325       0    1027    1550       0       0 
  30270   25729   28564    3100   10247    6683   33767   14302       0   32545   35326   15869     108    9266    4392   11313    4457   24601   10165    1581    2061    9626    2246     177     136     181   56802    1939       0       0     262       0     379 
  50219   41102  276033  154443    4405  177339  110410   59629   32545       0  147551   30411   66346   43133    6557   26738   18913   34564   95073   45777     163    3246     684   64065       0       0   59963   19186    8100    8221     460    2627       0 
  50646    5463  123361   53199       0   60895    2046    1538   35326  147551       0    9618    1166   23157      76     522       0    2052     664    2285     629     413       0       0       0      47   71223    2792    5855    4875    2366       7       0 
  11453    1222   84914   55293    4472   49379    1005    5706   15869   30411    9618       0    7708    6191    3480    3247      78    2467    1200    3063    1107    3665       0    1397       0       0   41079     688    1251    2475      62       0       0 
    866     364    6142   19334       0   12353    7243     511     108   66346    1166    7708       0    3070    4352       0      43    3137    1970     209       2       0       0       0       0       0   36611       0       0       0       0       0       0 
  15280     781   54955   22339    3423    4370   51547    1387    9266   43133   23157    6191    3070       0    7661    8739     663    7670    6029   15681      17    7165    1241   58952       0       0   16040   15478     717    1975       0       0       0 
    101       0   23430    4407       0   12843     235       0    4392    6557      76    3480    4352    7661       0       0       0    2454    2412       0       0       0     147       0       0       0   26740      23      29     819      17       0       0 
    990   10879   21413   21025       0   31868    4059       0   11313   26738     522    3247       0    8739       0       0       0       0     897       0     823       0       0       0     117       0   13524       0     137     320    2088       0       0 
      0       0   21722    4825       0   16052      26       0    4457   18913       0      78      43     663       0       0       0       0     566       0       0       0       0       0       0      67    1647      38      15     249       9       0       0 
      0       0   35024   33471       0   20537     165       0   24601   34564    2052    2467    3137    7670    2454       0       0       0     607    2216       0       0       0       0       0       0   36340       0    3547     496    2042     127       0 
   1970       0   42990   41568    6631   56850    1275    7009   10165   95073     664    1200    1970    6029    2412     897     566     607       0    1965     180    4221       0     280       0     134   24389    1339     492     247    2022     284       0 
    185       0   15505   26742       0   12600       0       0    1581   45777    2285    3063     209   15681       0       0       0    2216    1965       0       0       0       0       0      76       0    7402       0     419       0       0       0       0 
      0       0    8788    1555       0    1843    2110       0    2061     163     629    1107       2      17       0     823       0       0     180       0       0       0       0      44       0       0    5779       0       0       0       0       0       0 
     94    4433    4448   14166       0    4853   16207      65    9626    3246     413    3665       0    7165       0       0       0       0    4221       0       0       0       0       0       0       0   12756       0       0       0      48     665       0 
      0       0    3141    3408       0    2205       0       0    2246     684       0       0       0    1241     147       0       0       0       0       0       0       0       0       0       0       0     652     266       0       0      50       0       0 
      0       0     316       0       0    2078     202       0     177   64065       0    1397       0   58952       0       0       0       0     280       0      44       0       0       0       0       0     412       0       0       0       0       0       0 
    228       0     501      10       0      49       0       0     136       0       0       0       0       0       0     117       0       0       0      76       0       0       0       0       0       0      97       0       0       0      67       0       0 
    189       0       0       4       0       0     277       2     181       0      47       0       0       0       0       0      67       0     134       0       0       0       0       0       0       0       0       0       0       0       0       0       0 
 164254   72960  132660   91920   61676   64463   67948   82568   56802   59963   71223   41079   36611   16040   26740   13524    1647   36340   24389    7402    5779   12756     652     412      97      57       0       0     691       0     242       0       0 
    186       0       0       0      31       0    1934     325    1939   19186    2792     688       0   15478      23       0      38       0    1339       0       0       0     266       0       0       0       0       0       0       0       0       0       0 
   9818       0       0       0      59       0    1798       0       0    8100    5855    1251       0     717      29     137      15    3547     492     419       0       0       0       0       0       0     691       0       0       0       0       0       0 
     99     676     106     350      87    5318     626    1027       0    8221    4875    2475       0    1975     819     320     249     496     247       0       0       0       0       0       0       0       0       0       0       0       0       0      12 
     43       0       0       0       0       0    1856    1550     262     460    2366      62       0       0      17    2088       9    2042    2022       0       0      48      50       0      67       0     242       0       0       0       0       0       0 
   1992       0       0       0       0     440    1463       0       0    2627       7       0       0       0       0       0       0     127     284       0       0     665       0       0       0       0       0       0       0       0       0       0       0 
      0       0     875    1780       0    1241       0       0     379       0       0       0       0       0       0       0       0       0       0       0       0       0       0       0       0       0       0       0       0      12       0       0       0 

