n = 38
     0  82316      0   7417  19453      0    632      0   3299  11240      0   2674      0   2784   2913      0      0      0     55      0      0   2221      0      0      0      7    224      0      0      0      0      0      0      0      0      0     19 133810 
 82316      0  64199   1092      0  30103  71261      0  38917  24454     36   6477   5312  22443    236  15262    721   6731  14349    402      0   1636   1171      0    478   1928      0    885    953      0      0      0     10    166      0      0      0 194160 
     0  64199      0  48053  22312    254   1688    375      0   7776    511  14596   5947     75   5118    413      0      0     12     47      0    401    204      0   1347     97    385      0      0      0    366    148      0      0      0      0      0 110496 
  7417   1092  48053      0      0  10811   8067      0  18294  14578    302  13943  16059  20992     40   2796      0   7515   6537   1966      0    282   3611      0    853   2178      0    464    598    478      0    163    133      0      0     52      0  69166 
 19453      0  22312      0      0      0   3500      0   3067   3458      0      0      0      0      0   1375      0      0     12      0      0      0      0      0      0      0      0      0     34      0      0      0      0      0      0      0      0  48184 
     0  30103    254  10811      0      0  12047      0  22511   7848      0  19163    306  12399   5112   1274     85      0      0     50   6579   7262      0      0      4    422    370      0      0      0    230      0      0      0      0      0     43  68878 
   632  71261   1688   8067   3500  12047      0      0  18444  13962    505  14860    832   5082   9163    348      0      0      7   2585      0   1702     16      0     18      0   1583    137      0      0      0      0      0      0      0      0     23 139876 
     0      0    375      0      0      0      0      0      0      0      0      0      0      0      0      0      0      0      0      0      0      0      0      0      0      0      0      0    403      0      0      0      0      0      0      0      0  32975 
  3299  38917      0  18294   3067  22511  18444      0      0  24035    295   8909      0   1311  33133   2757      0    250      0      0      0   1742    541      0      0   1028     40     30      0   5408      0      0      0      0      0      0      0  46374 
 11240  24454   7776  14578   3458   7848  13962      0  24035      0  23600   9436   2991  18280  19385   1814   5376   3660    215      0      0      0    422      0    639    923     41    478   1210      0      0      0      0      0      0      0      0  37987 
     0     36    511    302      0      0    505      0    295  23600      0   4046      0     32     92      1      0      0      0      0      0     32      0      0      0      0      0      0      0      0      0      0      0      0      0      0      0  17853 
  2674   6477  14596  13943      0  19163  14860      0   8909   9436   4046      0    244   8884  12343   4072   1000   2485   4840      0      0    880    750      0   1290   1002    906    627      0      0      0      0      0      0      0      0      0  21592 
     0   5312   5947  16059      0    306    832      0      0   2991      0    244      0  10046  17710      0    128      0   1451     29      0    838      0      0      0      0      0     10      0      0      0      0      0      0      0      0      0  41881 
  2784  22443     75  20992      0  12399   5082      0   1311  18280     32   8884  10046      0   9175   2405      0    958   1318      0    217   3667   1459      0   1064   1880   2201      0      0      0    362      0      0      0     99      0     27  28927 
  2913    236   5118     40      0   5112   9163      0  33133  19385     92  12343  17710   9175      0  14307      0   2304   8808    356      0      0   1740   1088    741    971      0    711   1280     89      0      0      0     74      0      0     60   9384 
     0  15262    413   2796   1375   1274    348      0   2757   1814      1   4072      0   2405  14307      0      0      0      0      0      0   1768      0      0      0      0    329   7011      0      0     86      0      0      0    134      0      0  31465 
     0    721      0      0      0     85      0      0      0   5376      0   1000    128      0      0      0      0      0      0      0      0      0      0      0      0      0      0      0      0      0      0      0      0      0      0      0      0   6212 
     0   6731      0   7515      0      0      0      0    250   3660      0   2485      0    958   2304      0      0      0      0      0      0    955      0      0      0      0      0      0      0      0      0      0      0      0      0      0      0   2667 
    55  14349     12   6537     12      0      7      0      0    215      0   4840   1451   1318   8808      0      0      0      0      0   3587   1441      4      0   1238      2    703      0      0      0     94      0      0      0      0      0      0  16017 
     0    402     47   1966      0     50   2585      0      0      0      0      0     29      0    356      0      0      0      0      0      0      0      0      0      0      0      0      0      0      0      0      0      0      0      0      0      0   2419 
     0      0      0      0      0   6579      0      0      0      0      0      0      0    217      0      0      0      0   3587      0      0      0      0      0      0      0      0      0      0      0      0      0      0      0      0      0      0   1178 
  2221   1636    401    282      0   7262   1702      0   1742      0     32    880    838   3667      0   1768      0    955   1441      0      0      0    365      0    269   1235      0    522    335      0      0      0      0      0      0      0      0  18329 
     0   1171    204   3611      0      0     16      0    541    422      0    750      0   1459   1740      0      0      0      4      0      0    365      0      0      0      0      0      0      0      0      0      0      0      0      0      0      0  11588 
     0      0      0      0      0      0      0      0      0      0      0      0      0      0   1088      0      0      0      0      0      0      0      0      0      0      0      0      0      0      0      0      0      0      0      0      0      0   1087 
     0    478   1347    853      0      4     18      0      0    639      0   1290      0   1064    741      0      0      0   1238      0      0    269      0      0      0      0      0      0     44      0      0      0      0      0      0      0      0   1621 
     7   1928     97   2178      0    422      0      0   1028    923      0   1002      0   1880    971      0      0      0      2      0      0   1235      0      0      0      0     31      0      0      0      0      0      0      0      0      0      0   8465 
   224      0    385      0      0    370   1583      0     40     41      0    906      0   2201      0    329      0      0    703      0      0      0      0      0      0     31      0      0      0      0      0      0      0      0      0      0      0      0 
     0    885      0    464      0      0    137      0     30    478      0    627     10      0    711   7011      0      0      0      0      0    522      0      0      0      0      0      0      0      0    105      0      0      0      0      0      0   1534 
     0    953      0    598     34      0      0    403      0   1210      0      0      0      0   1280      0      0      0      0      0      0    335      0      0     44      0      0      0      0      0      0      0      0      0      0      0      0   2006 
     0      0      0    478      0      0      0      0   5408      0      0      0      0      0     89      0      0      0      0      0      0      0      0      0      0      0      0      0      0      0      0      0      0      0      0      0      0      0 
     0      0    366      0      0    230      0      0      0      0      0      0      0    362      0     86      0      0     94      0      0      0      0      0      0      0      0    105      0      0      0      0      0      0      0      0      0      0 
     0      0    148    163      0      0      0      0      0      0      0      0      0      0      0      0      0      0      0      0      0      0      0      0      0      0      0      0      0      0      0      0      0      0      0      0      0      0 
     0     10      0    133      0      0      0      0      0      0      0      0      0      0      0      0      0      0      0      0      0      0      0      0      0      0      0      0      0      0      0      0      0      0      0      0      0    150 
     0    166      0      0      0      0      0      0      0      0      0      0      0      0     74      0      0      0      0      0      0      0      0      0      0      0      0      0      0      0      0      0      0      0      0      0      0    258 
     0      0      0      0      0      0      0      0      0      0      0      0      0     99      0    134      0      0      0      0      0      0      0      0      0      0      0      0      0      0      0      0      0      0      0      0      0      0 
     0      0      0     52      0      0      0      0      0      0      0      0      0      0      0      0      0      0      0      0      0      0      0      0      0      0      0      0      0      0      0      0      0      0      0      0      0     50 
    19      0      0      0      0     43     23      0      0      0      0      0      0     27     60      0      0      0      0      0      0      0      0      0      0      0      0      0      0      0      0      0      0      0      0      0      0     14 
133810 194160 110496  69166  48184  68878 139876  32975  46374  37987  17853  21592  41881  28927   9384  31465   6212   2667  16017   2419   1178  18329  11588   1087   1621   8465      0   1534   2006      0      0      0    150    258      0     50     14      0 
