n = 38
     0  77270      0   7700  14609      0    653      0   3287  16318      0   2572      0   2836   3009      0      0      0     61      0      0   2234      0      0      0      6    240      0      0      0      0      0      0      0      0      0      5 123672 
 77270      0  54273   1050      0  30189  66413      0  39180  29229     33   6442  10309  27314    203  14988    759   6659  14293    443      0   1716   1106      0    497   1860      0    876    931      0      0      0     14    176      0      0      0 213720 
     0  54273      0  33186  22159    280   1720    343      0   7707    514  19761   5924     74   5014    401      0      0      7     43      0    417    245      0   1264    111    360      0      0      0    351    133      0      0      0      0      0 110754 
  7700   1050  33186      0      0  10872   8100      0  18566  14385    289  14106  16282  21077     54   2739      0   7371  11334   2020      0    300   8504      0    852   2202      0    454    561    465      0    150    152      0      0     56      0  64075 
 14609      0  22159      0      0      0   3417      0   3162   3627      0      0      0      0      0   1324      0      0     12      0      0      0      0      0      0      0      0      0     43      0      0      0      0      0      0      0      0  52995 
     0  30189    280  10872      0      0  17048      0  22615  12923      0  29116    357  22481   5023   1347     76      0      0     40   1572   7394      0      0      4    382    365      0      0      0    256      0      0      0      0      0     67  58925 
   653  66413   1720   8100   3417  17048      0      0  13822  24045    537  15047    828   5036   9010    336      0      0      4   2714      0   1638     14      0     23      0   1678    154      0      0      0      0      0      0      0      0     20 120001 
     0      0    343      0      0      0      0      0      0      0      0      0      0      0      0      0      0      0      0      0      0      0      0      0      0      0      0      0    354      0      0      0      0      0      0      0      0  32689 
  3287  39180      0  18566   3162  22615  13822      0      0  19232    271   9188      0   1429  33593   2783      0    262      0      0      0   1769    525      0      0   1022     35     25      0    356      0      0      0      0      0      0      0  45983 
 16318  29229   7707  14385   3627  12923  24045      0  19232      0  23017   9644   2901  22751  19390   1755   5314   3539    213      0      0      0    421      0    661    903     51    440   1246      0      0      0      0      0      0      0      0  37721 
     0     33    514    289      0      0    537      0    271  23017      0   3934      0     29    102      1      0      0      0      0      0     29      0      0      0      0      0      0      0      0      0      0      0      0      0      0      0  18170 
  2572   6442  19761  14106      0  29116  15047      0   9188   9644   3934      0    279   8825  17037   4197    988   2458   9757      0      0    821    821      0   1422   1044    919    628      0      0      0      0      0      0      0      0      0  26766 
     0  10309   5924  16282      0    357    828      0      0   2901      0    279      0   5072  17420      0    129      0   1546     42      0    854      0      0      0      0      0     13      0      0      0      0      0      0      0      0      0  46490 
  2836  27314     74  21077      0  22481   5036      0   1429  22751     29   8825   5072      0   9036   2331      0   1012   1291      0    237   3607   1565      0   1063   1965   2226      0      0      0    338      0      0      0    127      0     28  28951 
  3009    203   5014     54      0   5023   9010      0  33593  19390    102  17037  17420   9036      0   9646      0   2279  13855    362      0      0   1852   1117    725    940      0    731   1310     88      0      0      0     79      0      0     62   9269 
     0  14988    401   2739   1324   1347    336      0   2783   1755      1   4197      0   2331   9646      0      0      0      0      0      0   1816      0      0      0      0    313   1942      0      0    109      0      0      0    125      0      0  26455 
     0    759      0      0      0     76      0      0      0   5314      0    988    129      0      0      0      0      0      0      0      0      0      0      0      0      0      0      0      0      0      0      0      0      0      0      0      0  11238 
     0   6659      0   7371      0      0      0      0    262   3539      0   2458      0   1012   2279      0      0      0      0      0      0    906      0      0      0      0      0      0      0      0      0      0      0      0      0      0      0   2699 
    61  14293      7  11334     12      0      4      0      0    213      0   9757   1546   1291  13855      0      0      0      0      0   3476   1466      0      0   1201      1    674      0      0      0    107      0      0      0      0      0      0  21018 
     0    443     43   2020      0     40   2714      0      0      0      0      0     42      0    362      0      0      0      0      0      0      0      0      0      0      0      0      0      0      0      0      0      0      0      0      0      0   2488 
     0      0      0      0      0   1572      0      0      0      0      0      0      0    237      0      0      0      0   3476      0      0      0      0      0      0      0      0      0      0      0      0      0      0      0      0      0      0   1225 
  2234   1716    417    300      0   7394   1638      0   1769      0     29    821    854   3607      0   1816      0    906   1466      0      0      0    359      0    254   1233      0    556    354      0      0      0      0      0      0      0      0  13304 
     0   1106    245   8504      0      0     14      0    525    421      0    821      0   1565   1852      0      0      0      0      0      0    359      0      0      0      0      0      0      0      0      0      0      0      0      0      0      0   6607 
     0      0      0      0      0      0      0      0      0      0      0      0      0      0   1117      0      0      0      0      0      0      0      0      0      0      0      0      0      0      0      0      0      0      0      0      0      0   1057 
     0    497   1264    852      0      4     23      0      0    661      0   1422      0   1063    725      0      0      0   1201      0      0    254      0      0      0      0      0      0     48      0      0      0      0      0      0      0      0   1591 
     6   1860    111   2202      0    382      0      0   1022    903      0   1044      0   1965    940      0      0      0      1      0      0   1233      0      0      0      0     28      0      0      0      0      0      0      0      0      0      0   3369 
   240      0    360      0      0    365   1678      0     35     51      0    919      0   2226      0    313      0      0    674      0      0      0      0      0      0     28      0      0      0      0      0      0      0      0      0      0      0      0 
     0    876      0    454      0      0    154      0     25    440      0    628     13      0    731   1942      0      0      0      0      0    556      0      0      0      0      0      0      0      0    120      0      0      0      0      0      0   1514 
     0    931      0    561     43      0      0    354      0   1246      0      0      0      0   1310      0      0      0      0      0      0    354      0      0     48      0      0      0      0      0      0      0      0      0      0      0      0   2098 
     0      0      0    465      0      0      0      0    356      0      0      0      0      0     88      0      0      0      0      0      0      0      0      0      0      0      0      0      0      0      0      0      0      0      0      0      0      0 
     0      0    351      0      0    256      0      0      0      0      0      0      0    338      0    109      0      0    107      0      0      0      0      0      0      0      0    120      0      0      0      0      0      0      0      0      0      0 
     0      0    133    150      0      0      0      0      0      0      0      0      0      0      0      0      0      0      0      0      0      0      0      0      0      0      0      0      0      0      0      0      0      0      0      0      0      0 
     0     14      0    152      0      0      0      0      0      0      0      0      0      0      0      0      0      0      0      0      0      0      0      0      0      0      0      0      0      0      0      0      0      0      0      0      0    184 
     0    176      0      0      0      0      0      0      0      0      0      0      0      0     79      0      0      0      0      0      0      0      0      0      0      0      0      0      0      0      0      0      0      0      0      0      0    265 
     0      0      0      0      0      0      0      0      0      0      0      0      0    127      0    125      0      0      0      0      0      0      0      0      0      0      0      0      0      0      0      0      0      0      0      0      0      0 
     0      0      0     56      0      0      0      0      0      0      0      0      0      0      0      0      0      0      0      0      0      0      0      0      0      0      0      0      0      0      0      0      0      0      0      0      0     44 
     5      0      0      0      0     67     20      0      0      0      0      0      0     28     62      0      0      0      0      0      0      0      0      0      0      0      0      0      0      0      0      0      0      0      0      0      0     13 
123672 213720 110754  64075  52995  58925 120001  32689  45983  37721  18170  26766  46490  28951   9269  26455  11238   2699  21018   2488   1225  13304   6607   1057   1591   3369      0   1514   2098      0      0      0    184    265      0     44     13      0 
