n = 38
     0  77355      0   7667  14378      0    623      0   3376  11016      0   2653      0   2740   2982      0      0      0     59      0      0   2215      0      0      0      9    236      0      0      0      0      0      0      0      0      0     16 119499 
 77355      0  54371   1137      0  29464  76132      0  48385  24607     37   6416   5267  22844    258  15226    744   6763  14272    435      0   1729   1152      0    477   1793      0    861    939      0      0      0     10    173      0      0      0 214322 
     0  54371      0  38041  22202    257   1697    395      0  12729    511  19534   6016     68   5050    444      0      0      8     50      0    431    190      0   1314    111    384      0      0      0    344    135      0      0      0      0      0 110392 
  7667   1137  38041      0      0  10805   8119      0  23328  14546    304  14165  16145  16089     51   2781      0  12415   6554   1919      0    289   8562      0    838   2230      0    493    581    459      0    156    140      0      0     54      0  68679 
 14378      0  22202      0      0      0   3493      0   3073   3563      0      0      0      0      0   1361      0      0      7      0      0      0      0      0      0      0      0      0     43      0      0      0      0      0      0      0      0  53183 
     0  29464    257  10805      0      0  12233      0  17267   7827      0  34069    321  12396   5204   1299     74      0      0     34   1608   7227      0      0      3    471    373      0      0      0    264      0      0      0      0      0     57  68206 
   623  76132   1697   8119   3493  12233      0      0  13746  23828    535  14967    880   5064   9090    343      0      0      2   2676      0   1619     11      0     20      0   1705    153      0      0      0      0      0      0      0      0     25 135116 
     0      0    395      0      0      0      0      0      0      0      0      0      0      0      0      0      0      0      0      0      0      0      0      0      0      0      0      0    386      0      0      0      0      0      0      0      0  32891 
  3376  48385      0  23328   3073  17267  13746      0      0  24193    298   9071      0   1459  28451   2847      0    258      0      0      0   1788    587      0      0   1044     32     22      0    398      0      0      0      0      0      0      0  46275 
 11016  24607  12729  14546   3563   7827  23828      0  24193      0  23575   9423   2916  17958  19177   1785   5274   3649    250      0      0      0    461      0    596    897     45    486   1222      0      0      0      0      0      0      0      0  42856 
     0     37    511    304      0      0    535      0    298  23575      0   3908      0     28     73      0      0      0      0      0      0     33      0      0      0      0      0      0      0      0      0      0      0      0      0      0      0  23050 
  2653   6416  19534  14165      0  34069  14967      0   9071   9423   3908      0    253   8843  12170   4139   1040   2545   4848      0      0    866    796      0   1421    996    884    639      0      0      0      0      0      0      0      0      0  26365 
     0   5267   6016  16145      0    321    880      0      0   2916      0    253      0   4987  12603      0    125      0   1506     43      0    878      0      0      0      0      0      9      0      0      0      0      0      0      0      0      0  41914 
  2740  22844     68  16089      0  12396   5064      0   1459  17958     28   8843   4987      0   8942   2388      0    939   1365      0    250   3484   1498      0   1070   1888   2241      0      0      0    348      0      0      0    106      0     27  23467 
  2982    258   5050     51      0   5204   9090      0  28451  19177     73  12170  12603   8942      0   9373      0   7260  14024    377      0      0   1823   1113    740    914      0    724   1285     68      0      0      0     90      0      0     48   9379 
     0  15226    444   2781   1361   1299    343      0   2847   1785      0   4139      0   2388   9373      0      0      0      0      0      0   1868      0      0      0      0    319   1986      0      0    111      0      0      0    121      0      0  21382 
     0    744      0      0      0     74      0      0      0   5274      0   1040    125      0      0      0      0      0      0      0      0      0      0      0      0      0      0      0      0      0      0      0      0      0      0      0      0   6289 
     0   6763      0  12415      0      0      0      0    258   3649      0   2545      0    939   7260      0      0      0      0      0      0    955      0      0      0      0      0      0      0      0      0      0      0      0      0      0      0   2695 
    59  14272      8   6554      7      0      2      0      0    250      0   4848   1506   1365  14024      0      0      0      0      0   3547   1404      2      0   1091      1    696      0      0      0    114      0      0      0      0      0      0  31210 
     0    435     50   1919      0     34   2676      0      0      0      0      0     43      0    377      0      0      0      0      0      0      0      0      0      0      0      0      0      0      0      0      0      0      0      0      0      0   2525 
     0      0      0      0      0   1608      0      0      0      0      0      0      0    250      0      0      0      0   3547      0      0      0      0      0      0      0      0      0      0      0      0      0      0      0      0      0      0   1245 
  2215   1729    431    289      0   7227   1619      0   1788      0     33    866    878   3484      0   1868      0    955   1404      0      0      0    323      0    282   1282      0    517    370      0      0      0      0      0      0      0      0   8627 
     0   1152    190   8562      0      0     11      0    587    461      0    796      0   1498   1823      0      0      0      2      0      0    323      0      0      0      0      0      0      0      0      0      0      0      0      0      0      0  11542 
     0      0      0      0      0      0      0      0      0      0      0      0      0      0   1113      0      0      0      0      0      0      0      0      0      0      0      0      0      0      0      0      0      0      0      0      0      0   1105 
     0    477   1314    838      0      3     20      0      0    596      0   1421      0   1070    740      0      0      0   1091      0      0    282      0      0      0      0      0      0     47      0      0      0      0      0      0      0      0   1717 
     9   1793    111   2230      0    471      0      0   1044    897      0    996      0   1888    914      0      0      0      1      0      0   1282      0      0      0      0     27      0      0      0      0      0      0      0      0      0      0   3560 
   236      0    384      0      0    373   1705      0     32     45      0    884      0   2241      0    319      0      0    696      0      0      0      0      0      0     27      0      0      0      0      0      0      0      0      0      0      0      0 
     0    861      0    493      0      0    153      0     22    486      0    639      9      0    724   1986      0      0      0      0      0    517      0      0      0      0      0      0      0      0    108      0      0      0      0      0      0   1643 
     0    939      0    581     43      0      0    386      0   1222      0      0      0      0   1285      0      0      0      0      0      0    370      0      0     47      0      0      0      0      0      0      0      0      0      0      0      0   2037 
     0      0      0    459      0      0      0      0    398      0      0      0      0      0     68      0      0      0      0      0      0      0      0      0      0      0      0      0      0      0      0      0      0      0      0      0      0      0 
     0      0    344      0      0    264      0      0      0      0      0      0      0    348      0    111      0      0    114      0      0      0      0      0      0      0      0    108      0      0      0      0      0      0      0      0      0      0 
     0      0    135    156      0      0      0      0      0      0      0      0      0      0      0      0      0      0      0      0      0      0      0      0      0      0      0      0      0      0      0      0      0      0      0      0      0      0 
     0     10      0    140      0      0      0      0      0      0      0      0      0      0      0      0      0      0      0      0      0      0      0      0      0      0      0      0      0      0      0      0      0      0      0      0      0    159 
     0    173      0      0      0      0      0      0      0      0      0      0      0      0     90      0      0      0      0      0      0      0      0      0      0      0      0      0      0      0      0      0      0      0      0      0      0    248 
     0      0      0      0      0      0      0      0      0      0      0      0      0    106      0    121      0      0      0      0      0      0      0      0      0      0      0      0      0      0      0      0      0      0      0      0      0      0 
     0      0      0     54      0      0      0      0      0      0      0      0      0      0      0      0      0      0      0      0      0      0      0      0      0      0      0      0      0      0      0      0      0      0      0      0      0     62 
    16      0      0      0      0     57     25      0      0      0      0      0      0     27     48      0      0      0      0      0      0      0      0      0      0      0      0      0      0      0      0      0      0      0      0      0      0      6 
119499 214322 110392  68679  53183  68206 135116  32891  46275  42856  23050  26365  41914  23467   9379  21382   6289   2695  31210   2525   1245   8627  11542   1105   1717   3560      0   1643   2037      0      0      0    159    248      0     62      6      0 
