n = 34
     0  40865  77238  40945 187173   5637 126974  41709      0  82331 224467    201 116313   3999 124119      0  68558  19410      0  93244      0  54927      0   9496   4507      0      0  21829   1146    335      0      0      0 534917 
 40865      0  89071  58945   7137  34175  20851  18274      0      0  11650 127471    346   4355   8385      0      0      0    863      0      0      0      0      0      0      0      0      0      0      0      0      0      0 178616 
 77238  89071      0  16148      0  38649    186      0      0      0      0   4194      0    236      0      0      0      0      0      0   5898      0      0      0      0      0      0      0      0      0      0      0      0  27363 
 40945  58945  16148      0 139492  50785 128797  17689      0  28635  63374  64979  52902      0  71773  14327  61493  39515      0  74003      0  25267      0  20730  24904    935   3196  14508    353      0      0      0      0 433333 
187173   7137      0 139492      0 245554      0  22877      0   1859   3177  83628    717  57040    367      0   2982  32935      0  30566      0      0    587      0      0      0   5447   4066      0      0      0      0      0 322788 
  5637  34175  38649  50785 245554      0 147208  29616      0  31057 123774    491  58871      0  38768      0  91120  23601      0 102722      0  38545      0  25262  23453      0      0   8297    370      0      0      0      0 601588 
126974  20851    186 128797      0 147208      0 114188      0      0   8969 243470  27644   9822   5455      0      0  11917   2422  48996    865   2498      0   2874   9497      0      0      0      0      0      0      0      0 265402 
 41709  18274      0  17689  22877  29616 114188      0      0  11582  12119  20517  10507      0  38850      0   3588   5075  54200  48570      0   2920      0   4512    625   2986      0   4364      0      0      0      0      0  91791 
     0      0      0      0      0      0      0      0      0      0      0    729      0      0      0      0      0      0      0      0      0      0      0      0      0      0      0      0      0      0      0      0      0  73369 
 82331      0      0  28635   1859  31057      0  11582      0      0  47893  59815    313      0   9064      0  19717      0      0      0      0      0      0      0      0      0    233      0      0      0      0      0      0 147181 
224467  11650      0  63374   3177 123774   8969  12119      0  47893      0 119589   9113      0  11406      0   4967   9014      0  61329      0   9747      0   5831   1790   2063   3632   4797      0      0      0    284      0  70336 
   201 127471   4194  64979  83628    491 243470  20517    729  59815 119589      0  43660   1510  82569      0  51821  15906      0 103059      0  34847      0   8129   4079      0      0   3952      0      0    323      0    178 372684 
116313    346      0  52902    717  58871  27644  10507      0    313   9113  43660      0  11237    320      0      0      0      0      0      0      0    405      0      0      0    386      0      0      0      0      0      0 224296 
  3999   4355    236      0  57040      0   9822      0      0      0      0   1510  11237      0    728      0      0      0      0    670      0      0      0      0      0      0      0      0      0      0      0      0      0  73969 
124119   8385      0  71773    367  38768   5455  38850      0   9064  11406  82569    320    728      0      0    204    310    622  66015    539    287  10222    211      0      0      0      0      0      0      0      0      0 184486 
     0      0      0  14327      0      0      0      0      0      0      0      0      0      0      0      0      0      0      0      0      0      0      0      0      0      0      0      0      0      0      0      0      0  19394 
 68558      0      0  61493   2982  91120      0   3588      0  19717   4967  51821      0      0    204      0      0      0      0      0      0      0      0      0      0      0      0   5320      0      0      0      0      0  94974 
 19410      0      0  39515  32935  23601  11917   5075      0      0   9014  15906      0      0    310      0      0      0      0      0      0      0      0      0      0      0      0      0      0      0      0      0      0  40247 
     0    863      0      0      0      0   2422  54200      0      0      0      0      0      0    622      0      0      0      0      0      0      0      0      0      0      0      0      0      0      0      0      0      0  44918 
 93244      0      0  74003  30566 102722  48996  48570      0      0  61329 103059      0    670  66015      0      0      0      0      0      0   5262      0      0      0      0   9783      0      0      0      0      0      0  41538 
     0      0   5898      0      0      0    865      0      0      0      0      0      0      0    539      0      0      0      0      0      0      0      0      0      0      0      0      0      0      0      0      0      0  17192 
 54927      0      0  25267      0  38545   2498   2920      0      0   9747  34847      0      0    287      0      0      0      0   5262      0      0      0      0      0      0      0      0      0      0      0      0      0  39163 
     0      0      0      0    587      0      0      0      0      0      0      0    405      0  10222      0      0      0      0      0      0      0      0      0      0      0      0      0      0      0      0      0      0   6317 
  9496      0      0  20730      0  25262   2874   4512      0      0   5831   8129      0      0    211      0      0      0      0      0      0      0      0      0      0      0      0      0      0      0      0      0      0  49366 
  4507      0      0  24904      0  23453   9497    625      0      0   1790   4079      0      0      0      0      0      0      0      0      0      0      0      0      0      0      0      0      0      0      0      0      0    746 
     0      0      0    935      0      0      0   2986      0      0   2063      0      0      0      0      0      0      0      0      0      0      0      0      0      0      0      0      0      0      0      0      0      0   5820 
     0      0      0   3196   5447      0      0      0      0    233   3632      0    386      0      0      0      0      0      0   9783      0      0      0      0      0      0      0      0      0      0      0      0      0  22411 
 21829      0      0  14508   4066   8297      0   4364      0      0   4797   3952      0      0      0      0   5320      0      0      0      0      0      0      0      0      0      0      0      0      0      0      0      0  17470 
  1146      0      0    353      0    370      0      0      0      0      0      0      0      0      0      0      0      0      0      0      0      0      0      0      0      0      0      0      0      0      0      0      0   1150 
   335      0      0      0      0      0      0      0      0      0      0      0      0      0      0      0      0      0      0      0      0      0      0      0      0      0      0      0      0      0      0      0      0    324 
     0      0      0      0      0      0      0      0      0      0      0    323      0      0      0      0      0      0      0      0      0      0      0      0      0      0      0      0      0      0      0      0      0    318 
     0      0      0      0      0      0      0      0      0      0    284      0      0      0      0      0      0      0      0      0      0      0      0      0      0      0      0      0      0      0      0      0      0    294 
     0      0      0      0      0      0      0      0      0      0      0    178      0      0      0      0      0      0      0      0      0      0      0      0      0      0      0      0      0      0      0      0      0    178 
534917 178616  27363 433333 322788 601588 265402  91791  73369 147181  70336 372684 224296  73969 184486  19394  94974  40247  44918  41538  17192  39163   6317  49366    746   5820  22411  17470   1150    324    318    294    178      0 
