n = 32
     0  66876      0    920   6512  22251  12444    348    736      0      0   3341      0    318      0      0   8583      0   1032      0      0      0   1585      0      0      0      0      0      0      0      0  59862 
 66876      0    339  69672  62073   1999   1498  33771  85149    766   7534  47391  30793      0  22980  11517  18917      0     97   3720   7054   2531      0  11406      0    383   1460   2906   5896      0    117 273135 
     0    339      0  63622    182      0   2091    294      0      0      0   1447      0      0      0      0    210      0      0      0      0      0      0      0      0      0      0      0      0      0      0  58410 
   920  69672  63622      0  43038      0   3452   1114  12076   3054  12164    952   5379  10612   6301   6623  14052    672   2004    247   3610   4399      0    643      0   2957     66    752      0      0      0  43142 
  6512  62073    182  43038      0  78812  28871      0    848      0      0      4    102   2059  13403   2914   5741   1858    601      0      0   3634   1879     19   1545     15      0      0      0      0      0 113580 
 22251   1999      0      0  78812      0      0  31022  39587  16723  18555  41369  20548      0  19033  17302   1766      0    341   7615   1955   6192      0   2903      0    395    447   3342   1850    183      8 143571 
 12444   1498   2091   3452  28871      0      0  46451  37373   7260  10834  39929  11624      0  16545  15133   2279      0   5263  18820  10586   2061      0   6222    414    938    536   2079   1229      0     47 179380 
   348  33771    294   1114      0  31022  46451      0      0      0    222    223    361   1284    517    673   1652    475    248      0   6437   3936   2085    349    249      0     15      0      0      0      0 119594 
   736  85149      0  12076    848  39587  37373      0      0      0   1622   1644    450   2784  31604    429  15290   5924   4884      0      0      0   2418      0      5      0      0      0      0      0      0 146710 
     0    766      0   3054      0  16723   7260      0      0      0      0      0      0      0      0      0      0      0      0      0      0      0      0      0      0      0      0      0      0      0      0  61445 
     0   7534      0  12164      0  18555  10834    222   1622      0      0   2469   2030      0     21      0   1285    360      0      0      0      0      0      0      0      0      0      0      0      0      0  40787 
  3341  47391   1447    952      4  41369  39929    223   1644      0   2469      0    632    722   8269   2766   4647   1241   2413      0   2954   1932     44     14      0     50     45      0      0      0      0  29878 
     0  30793      0   5379    102  20548  11624    361    450      0   2030    632      0      0      0      0  17339   3543    552      0   2172      0   2099      0    139      0      0      0      0      0      0  34557 
   318      0      0  10612   2059      0      0   1284   2784      0      0    722      0      0    157      0   2015      0      0      0     30      0      0     27      0     26      0    256      0      0      0  14297 
     0  22980      0   6301  13403  19033  16545    517  31604      0     21   8269      0    157      0    165   7968   9599    108      0      0      0     47      0   1997      0      0      0      0      0     22  38622 
     0  11517      0   6623   2914  17302  15133    673    429      0      0   2766      0      0    165      0   6167    115    333   3665      0      0   2113      0      0      0    104      0      0      0     22  31795 
  8583  18917    210  14052   5741   1766   2279   1652  15290      0   1285   4647  17339   2015   7968   6167      0      0      0   2060   4006   1606    264   2431      0    949   1130   2067    354      0     51  17321 
     0      0      0    672   1858      0      0    475   5924      0    360   1241   3543      0   9599    115      0      0      0      0     37      0      0      4      0     59    690      0      0      0      0   8280 
  1032     97      0   2004    601    341   5263    248   4884      0      0   2413    552      0    108    333      0      0      0    708    822      0      0    278      0     85      0      0     16      0      0   8261 
     0   3720      0    247      0   7615  18820      0      0      0      0      0      0      0      0   3665   2060      0    708      0      0      0      0      0      0      0      0      0      0      0      0  23843 
     0   7054      0   3610      0   1955  10586   6437      0      0      0   2954   2172     30      0      0   4006     37    822      0      0      0     13      0      0      0      0      0      0      0      0   6594 
     0   2531      0   4399   3634   6192   2061   3936      0      0      0   1932      0      0      0      0   1606      0      0      0      0      0     65      0    645      0      0      0      0      0      0   3237 
  1585      0      0      0   1879      0      0   2085   2418      0      0     44   2099      0     47   2113    264      0      0      0     13     65      0      3      0      0    234     39      0      0     50    454 
     0  11406      0    643     19   2903   6222    349      0      0      0     14      0     27      0      0   2431      4    278      0      0      0      3      0      0      0      0      0      0      0      0  13849 
     0      0      0      0   1545      0    414    249      5      0      0      0    139      0   1997      0      0      0      0      0      0    645      0      0      0      0      0      0      0      0      0   2570 
     0    383      0   2957     15    395    938      0      0      0      0     50      0     26      0      0    949     59     85      0      0      0      0      0      0      0      0      0      0      0      0   4442 
     0   1460      0     66      0    447    536     15      0      0      0     45      0      0      0    104   1130    690      0      0      0      0    234      0      0      0      0      0      0      0      0   1591 
     0   2906      0    752      0   3342   2079      0      0      0      0      0      0    256      0      0   2067      0      0      0      0      0     39      0      0      0      0      0      0      0      0    732 
     0   5896      0      0      0   1850   1229      0      0      0      0      0      0      0      0      0    354      0     16      0      0      0      0      0      0      0      0      0      0      0      0      0 
     0      0      0      0      0    183      0      0      0      0      0      0      0      0      0      0      0      0      0      0      0      0      0      0      0      0      0      0      0      0      0    164 
     0    117      0      0      0      8     47      0      0      0      0      0      0      0     22     22     51      0      0      0      0      0     50      0      0      0      0      0      0      0      0      0 
 59862 273135  58410  43142 113580 143571 179380 119594 146710  61445  40787  29878  34557  14297  38622  31795  17321   8280   8261  23843   6594   3237    454  13849   2570   4442   1591    732      0    164      0      0 
